-3.995755016803741455e-01,-4.848428368568420410e-01
2.702837586402893066e-01,5.656009912490844727e-01
2.666511237621307373e-01,5.497702360153198242e-01
-2.054427564144134521e-01,-4.046418238431215286e-03
5.428323149681091309e-01,8.221577405929565430e-01
7.324500679969787598e-01,6.562874317169189453e-01
6.746119260787963867e-01,3.515935540199279785e-01
4.855479001998901367e-01,6.908040642738342285e-01
4.875009357929229736e-01,8.034361004829406738e-01
-8.841371536254882812e-02,2.224169075489044189e-01
5.120200514793395996e-01,6.709229350090026855e-01
7.416080236434936523e-01,7.102921605110168457e-01
3.426497280597686768e-01,6.396394968032836914e-01
-3.115389943122863770e-01,-5.487801507115364075e-02
4.937220811843872070e-01,4.545265063643455505e-02
4.864090979099273682e-01,3.608203530311584473e-01
3.970704674720764160e-01,-6.397149562835693359e-01
-2.207708060741424561e-01,-4.072611629962921143e-01
5.321812629699707031e-01,7.026955485343933105e-01
5.799188613891601562e-01,1.632824093103408813e-01
1.086243316531181335e-01,3.852270543575286865e-02
4.738241434097290039e-01,-6.807427853345870972e-02
6.750122308731079102e-01,4.657111465930938721e-01
3.635052740573883057e-01,6.309831142425537109e-01
4.850726127624511719e-01,7.008278369903564453e-01
3.156889081001281738e-01,5.820410847663879395e-01
6.665266156196594238e-01,6.376084685325622559e-01
3.288565874099731445e-01,6.618651747703552246e-01
4.662175774574279785e-01,1.789743825793266296e-02
5.288772583007812500e-01,8.162444233894348145e-01
4.941540956497192383e-01,-2.086640521883964539e-02
-1.920128762722015381e-01,-4.241289943456649780e-02
2.408183962106704712e-01,4.882216453552246094e-01
6.472213864326477051e-01,6.262145638465881348e-01
7.290180921554565430e-01,4.915959835052490234e-01
4.281412065029144287e-01,6.091402769088745117e-01
-7.707158476114273071e-02,1.406985372304916382e-01
7.372158169746398926e-01,6.650767922401428223e-01
3.123705089092254639e-01,5.912536978721618652e-01
2.433766424655914307e-01,5.897544324398040771e-02
3.136969804763793945e-01,5.618918538093566895e-01
6.679263114929199219e-01,5.880889892578125000e-01
5.020576715469360352e-01,6.924803853034973145e-01
3.041725456714630127e-01,5.938623547554016113e-01
7.258121967315673828e-01,6.206340193748474121e-01
5.862505435943603516e-01,2.155701667070388794e-01
2.982224225997924805e-01,5.508068203926086426e-01
3.634757399559020996e-01,6.721989512443542480e-01
1.946418732404708862e-01,3.804332390427589417e-02
7.473033070564270020e-01,4.215806722640991211e-01
-2.061987817287445068e-01,-4.270849823951721191e-01
7.292963862419128418e-01,6.708317995071411133e-01
6.575770378112792969e-01,3.607442975044250488e-01
7.373341917991638184e-01,3.444523811340332031e-01
6.939293742179870605e-01,3.915623724460601807e-01
5.341227650642395020e-01,8.156095147132873535e-01
-1.959016174077987671e-01,-2.074619010090827942e-02
-7.582038640975952148e-02,1.227467134594917297e-01
7.137654423713684082e-01,6.115713119506835938e-01
5.124971866607666016e-01,7.431024312973022461e-01
2.140334993600845337e-01,2.204639911651611328e-01
5.111325383186340332e-01,8.092710971832275391e-01
6.757030487060546875e-01,5.895568728446960449e-01
5.521251559257507324e-01,-3.314636945724487305e-01
4.536691009998321533e-01,3.793614804744720459e-01
1.907324194908142090e-01,6.685659289360046387e-02
-1.590351313352584839e-01,1.590159982442855835e-01
6.886546611785888672e-01,7.059298157691955566e-01
7.780015468597412109e-01,5.096853375434875488e-01
-1.470630317926406860e-01,-1.903567649424076080e-02
5.033158063888549805e-01,-5.208466649055480957e-01
2.878491878509521484e-01,5.145453214645385742e-01
7.328854799270629883e-01,4.854803085327148438e-01
3.099255561828613281e-01,6.035996675491333008e-01
2.570982873439788818e-01,4.911457896232604980e-01
-2.348371148109436035e-01,-2.452959865331649780e-01
6.924754977226257324e-01,5.680157542228698730e-01
2.400108128786087036e-01,4.782769083976745605e-01
-1.489465832710266113e-01,-2.145216055214405060e-02
6.014216542243957520e-01,-5.515539050102233887e-01
6.959908604621887207e-01,5.629851818084716797e-01
5.849509835243225098e-01,1.961565017700195312e-01
6.665875315666198730e-01,5.519390702247619629e-01
2.631338834762573242e-01,5.697959661483764648e-01
4.861601591110229492e-01,7.081256508827209473e-01
5.584832429885864258e-01,2.167036682367324829e-01
8.209602534770965576e-02,4.158607218414545059e-03
-3.930382728576660156e-01,-1.009409055113792419e-01
1.929079592227935791e-01,8.287532627582550049e-02
7.422919273376464844e-01,5.829736590385437012e-01
3.756682276725769043e-01,6.192381381988525391e-01
2.843001484870910645e-01,5.494036078453063965e-01
5.033803358674049377e-02,1.561400294303894043e-01
2.610335350036621094e-01,5.809956192970275879e-01
7.706639766693115234e-01,6.951303482055664062e-01
2.522962391376495361e-01,9.224256128072738647e-02
4.914530217647552490e-01,-3.901223540306091309e-01
6.464475989341735840e-01,4.842537045478820801e-01
6.138103604316711426e-01,1.739428788423538208e-01
4.371114969253540039e-01,2.915850467979907990e-02
8.074116110801696777e-01,4.943193197250366211e-01
7.255800366401672363e-01,7.044999003410339355e-01
4.730754494667053223e-01,7.208015918731689453e-01
5.907204151153564453e-01,1.860433816909790039e-01
4.407002329826354980e-01,5.913701057434082031e-01
6.206755638122558594e-01,6.010064482688903809e-01
-2.125016003847122192e-01,-8.639010190963745117e-01
2.015107125043869019e-01,7.781091332435607910e-02
6.381769776344299316e-01,2.488905340433120728e-01
6.377201676368713379e-01,-4.152349531650543213e-01
4.575436413288116455e-01,7.309021949768066406e-01
-3.467608243227005005e-02,-3.763593733310699463e-01
6.756686568260192871e-01,5.644294619560241699e-01
-1.010035574436187744e-01,2.099073231220245361e-01
3.855688273906707764e-01,6.555041670799255371e-01
7.029669284820556641e-01,6.596302986145019531e-01
5.329106450080871582e-01,7.821285128593444824e-01
5.120795965194702148e-01,8.149542808532714844e-01
3.270862624049186707e-02,2.573112547397613525e-01
3.550681769847869873e-01,6.809016466140747070e-01
4.732767045497894287e-01,6.910188794136047363e-01
5.830680131912231445e-01,1.853378713130950928e-01
7.118956446647644043e-01,4.072616696357727051e-01
6.248145699501037598e-01,-2.871545255184173584e-01
-3.368133306503295898e-01,2.141578868031501770e-02
4.812060594558715820e-01,8.039450645446777344e-01
4.995358884334564209e-01,6.166794300079345703e-01
-2.185065150260925293e-01,1.504602283239364624e-01
5.504243969917297363e-01,2.415820211172103882e-01
1.685998439788818359e-01,3.358064964413642883e-02
2.587205171585083008e-01,5.315744876861572266e-01
5.425400137901306152e-01,8.420326709747314453e-01
7.255582213401794434e-01,4.556734263896942139e-01
5.869106650352478027e-01,2.250339388847351074e-01
1.596474796533584595e-01,6.523233372718095779e-03
5.108696818351745605e-01,8.176190853118896484e-01
4.339722096920013428e-01,5.623155832290649414e-01
4.093142747879028320e-01,6.763392686843872070e-01
4.781061112880706787e-01,-1.060566771775484085e-02
5.559046864509582520e-01,2.425586283206939697e-01
6.994811445474624634e-02,2.109995633363723755e-01
5.950846672058105469e-01,-3.777381777763366699e-01
6.648512482643127441e-01,4.640417098999023438e-01
5.058258175849914551e-01,7.134830951690673828e-01
7.853937745094299316e-01,4.240429997444152832e-01
6.464396715164184570e-01,5.551619529724121094e-01
7.444908618927001953e-01,3.511258065700531006e-01
7.013065814971923828e-01,5.676040649414062500e-01
6.777592748403549194e-02,1.400135010480880737e-01
2.652096748352050781e-01,5.152760744094848633e-01
-2.523084580898284912e-01,-4.094259738922119141e-01
2.520907223224639893e-01,5.756880640983581543e-01
2.484053075313568115e-01,4.707564115524291992e-01
-1.244360357522964478e-01,-3.913203254342079163e-02
1.379959136247634888e-01,2.771586924791336060e-02
-3.426119685173034668e-01,-4.481641948223114014e-01
4.823193252086639404e-01,-6.903535723686218262e-01
6.976246237754821777e-01,6.466202139854431152e-01
2.432286888360977173e-01,4.820439517498016357e-01
-1.467680633068084717e-01,-8.327431976795196533e-02
4.957581460475921631e-01,5.477564930915832520e-01
6.554863452911376953e-01,6.031187176704406738e-01
6.383035778999328613e-01,6.302926540374755859e-01
6.514983773231506348e-01,5.360130071640014648e-01
1.584286987781524658e-02,-5.351813510060310364e-02
4.910790026187896729e-01,7.032723426818847656e-01
7.153876423835754395e-01,6.665943861007690430e-01
7.296852767467498779e-02,1.718155592679977417e-01
4.747348427772521973e-01,3.487055599689483643e-01
4.353120028972625732e-01,3.680117800831794739e-02
5.141180157661437988e-01,-3.759046494960784912e-01
6.997691988945007324e-01,6.674976944923400879e-01
2.773537337779998779e-01,5.592598319053649902e-01
2.421511262655258179e-01,4.842757284641265869e-01
6.888132691383361816e-01,6.060431003570556641e-01
3.699676394462585449e-01,5.814375281333923340e-01
4.249378442764282227e-01,-4.565730988979339600e-01
7.427462935447692871e-01,5.618292689323425293e-01
3.012242317199707031e-01,6.264920830726623535e-01
2.965359687805175781e-01,6.688502430915832520e-01
2.808734476566314697e-01,6.009262800216674805e-01
6.547721028327941895e-01,6.416711211204528809e-01
4.154781699180603027e-01,6.299681961536407471e-02
5.268748383969068527e-03,2.118375301361083984e-01
4.902984201908111572e-01,8.746961951255798340e-01
3.077242970466613770e-01,5.882781147956848145e-01
6.438773274421691895e-01,6.663580536842346191e-01
5.671266317367553711e-01,-5.155729651451110840e-01
7.447872757911682129e-01,7.338558435440063477e-01
2.482458949089050293e-01,5.003811717033386230e-01
-2.653815746307373047e-01,-2.026155404746532440e-02
2.791354432702064514e-02,1.629213839769363403e-01
-1.585808098316192627e-01,-3.943200781941413879e-02
6.438493728637695312e-01,5.705531835556030273e-01
5.978774279356002808e-02,2.497377395629882812e-01
5.019694566726684570e-01,7.297838926315307617e-01
8.020041584968566895e-01,5.042467117309570312e-01
-8.927717804908752441e-02,2.204539030790328979e-01
7.083063125610351562e-01,5.437910556793212891e-01
6.900742650032043457e-01,5.927927494049072266e-01
-3.652420043945312500e-01,7.650309205055236816e-01
4.936509430408477783e-01,7.252655625343322754e-01
5.152336359024047852e-01,7.098525762557983398e-01
5.309038758277893066e-01,8.402347564697265625e-01
-1.602724008262157440e-02,2.195468693971633911e-01
5.837259292602539062e-01,2.270900160074234009e-01
2.012995630502700806e-01,8.517648279666900635e-02
6.934154033660888672e-01,6.070592403411865234e-01
4.870567023754119873e-01,7.138804197311401367e-01
4.838852286338806152e-01,-5.916679501533508301e-01
6.440520882606506348e-01,6.326779723167419434e-01
1.578110754489898682e-01,-7.029623389244079590e-01
6.605710387229919434e-01,-3.051632642745971680e-01
1.993824690580368042e-01,5.011161789298057556e-02
4.416673779487609863e-01,7.409820556640625000e-01
5.068897604942321777e-01,7.066794633865356445e-01
5.102136731147766113e-01,8.036081194877624512e-01
5.019960999488830566e-01,6.909593939781188965e-01
6.729100346565246582e-01,-4.758691787719726562e-01
-1.536187827587127686e-01,-6.925246119499206543e-02
4.528658986091613770e-01,6.237046718597412109e-01
6.768682599067687988e-01,5.357977747917175293e-01
6.147089600563049316e-01,5.020603537559509277e-01
2.400126010179519653e-01,5.291522741317749023e-01
1.246019527316093445e-01,1.918434202671051025e-01
1.931021921336650848e-02,2.374376505613327026e-01
6.950139403343200684e-01,3.301915824413299561e-01
7.723135352134704590e-01,4.434475898742675781e-01
5.482581853866577148e-01,2.436889410018920898e-01
6.039347648620605469e-01,-4.671194255352020264e-01
-2.335047125816345215e-01,4.961423575878143311e-02
4.842876493930816650e-01,7.085520029067993164e-01
9.009982645511627197e-02,1.728613227605819702e-01
1.517612952739000320e-02,-6.737962365150451660e-01
1.677460670471191406e-01,1.437199264764785767e-01
3.392537832260131836e-01,6.232005357742309570e-01
4.842334389686584473e-01,2.563759498298168182e-02
3.553586453199386597e-02,2.629779577255249023e-01
7.256286740303039551e-01,6.715442538261413574e-01
4.936136603355407715e-01,6.634095311164855957e-01
2.906163930892944336e-01,5.506045818328857422e-01
2.804484963417053223e-01,4.733587801456451416e-01
4.760257899761199951e-01,3.407950103282928467e-01
5.170310735702514648e-01,7.879671454429626465e-01
-3.441569805145263672e-01,-4.725733771920204163e-03
1.566550135612487793e-01,2.339938655495643616e-02
2.945581376552581787e-01,5.770111083984375000e-01
5.125239491462707520e-01,8.166021704673767090e-01
5.195056796073913574e-01,-3.702209889888763428e-02
3.490555882453918457e-01,6.556097865104675293e-01
5.946695208549499512e-01,-3.639180064201354980e-01
6.565346717834472656e-01,3.640361726284027100e-01
4.872824549674987793e-01,-3.827672600746154785e-01
2.420945912599563599e-01,5.474700331687927246e-01
-3.246985003352165222e-02,1.950314491987228394e-01
4.865953624248504639e-01,4.839156568050384521e-01
-3.654196858406066895e-01,-4.871431589126586914e-01
-2.926956713199615479e-01,-4.082217440009117126e-02
3.462584614753723145e-01,6.068379878997802734e-01
7.007818818092346191e-01,3.460369408130645752e-01
2.869155108928680420e-01,5.955116748809814453e-01
6.088062524795532227e-01,9.272288531064987183e-02
-1.457742881029844284e-02,-1.044856756925582886e-02
4.611934125423431396e-01,6.759393215179443359e-01
4.707499146461486816e-01,-3.039657138288021088e-02
4.547448158264160156e-01,6.946651935577392578e-01
4.913296699523925781e-01,6.985560059547424316e-01
-2.966481149196624756e-01,-4.239200949668884277e-01
4.988628625869750977e-01,6.027265191078186035e-01
7.161446809768676758e-01,3.311697542667388916e-01
6.330156326293945312e-01,5.918374657630920410e-01
5.000784993171691895e-01,5.431255698204040527e-01
1.276412457227706909e-01,1.372335553169250488e-01
4.980579912662506104e-01,6.626705527305603027e-01
-4.889968782663345337e-02,2.037731558084487915e-01
6.184785366058349609e-01,4.943898022174835205e-01
5.382825136184692383e-01,2.062421739101409912e-01
-3.682099878787994385e-01,-1.198853254318237305e-01
3.715765178203582764e-01,6.534121632575988770e-01
3.366196751594543457e-01,6.411318182945251465e-01
6.931558251380920410e-01,5.842251181602478027e-01
2.485275864601135254e-01,4.778488874435424805e-01
7.459005117416381836e-01,4.189695119857788086e-01
4.984628856182098389e-01,8.534182310104370117e-01
6.267195343971252441e-01,1.430383175611495972e-01
-1.629309505224227905e-01,-4.019930213689804077e-02
3.335288763046264648e-01,6.233482956886291504e-01
4.711123704910278320e-01,7.599201202392578125e-01
1.008204072713851929e-01,1.761684566736221313e-01
-1.739023774862289429e-01,-5.947240442037582397e-02
4.292549788951873779e-01,7.186033725738525391e-01
6.885706186294555664e-01,6.714951992034912109e-01
8.468104153871536255e-02,-1.231195405125617981e-02
2.739236652851104736e-01,6.134039759635925293e-01
7.198956012725830078e-01,6.760210394859313965e-01
1.522186491638422012e-02,2.001592963933944702e-01
-1.603591442108154297e-01,-3.197469189763069153e-02
2.495346367359161377e-01,5.930197238922119141e-01
3.172992467880249023e-01,6.183482408523559570e-01
2.573634386062622070e-01,5.668560266494750977e-01
5.816020369529724121e-01,5.487866997718811035e-01
4.764163792133331299e-01,8.152163028717041016e-01
2.145308554172515869e-01,4.505296051502227783e-01
6.459327340126037598e-01,1.337176561355590820e-01
7.826738953590393066e-01,7.448803782463073730e-01
-1.290419995784759521e-01,-5.021722614765167236e-02
7.566181421279907227e-01,4.786301553249359131e-01
-4.470516741275787354e-02,1.796291917562484741e-01
7.666005939245223999e-02,-1.323160808533430099e-02
-1.040995046496391296e-01,2.008199989795684814e-01
2.310622185468673706e-01,5.046243667602539062e-01
1.231213510036468506e-01,1.505304407328367233e-02
4.940341114997863770e-01,5.349768996238708496e-01
1.014558449387550354e-01,1.743605136871337891e-01
1.410384476184844971e-01,4.340475425124168396e-02
2.637247443199157715e-01,5.013084411621093750e-01
5.192940235137939453e-01,7.995104789733886719e-01
7.419976592063903809e-01,5.815530419349670410e-01
5.220584273338317871e-01,5.090033411979675293e-01
-2.316609621047973633e-01,-3.580635190010070801e-01
6.269491910934448242e-01,1.619552820920944214e-01
4.916753172874450684e-01,7.268353700637817383e-01
1.965865045785903931e-01,4.311473369598388672e-01
6.035358905792236328e-01,2.386312484741210938e-01
7.326357364654541016e-01,6.908169388771057129e-01
6.749202609062194824e-01,3.533765077590942383e-01
3.415277898311614990e-01,6.246650218963623047e-01
2.552601993083953857e-01,5.579470396041870117e-01
3.428627252578735352e-01,6.430333256721496582e-01
5.857155919075012207e-01,2.370988130569458008e-01
-4.089498221874237061e-01,-4.304821193218231201e-01
4.166829288005828857e-01,-4.419339001178741455e-01
7.093152999877929688e-01,5.330746769905090332e-01
5.481271743774414062e-01,-3.702422678470611572e-01
3.866505622863769531e-01,5.916042923927307129e-01
6.860727667808532715e-01,5.856441855430603027e-01
7.163713574409484863e-01,4.024943709373474121e-01
6.169139146804809570e-01,4.854894578456878662e-01
7.602057456970214844e-01,6.704002022743225098e-01
4.902922809123992920e-01,7.202071547508239746e-01
6.413468718528747559e-01,5.970485806465148926e-01
7.578160166740417480e-01,7.525275349617004395e-01
5.460202693939208984e-01,2.328332066535949707e-01
5.594373345375061035e-01,1.762260049581527710e-01
6.058352589607238770e-01,1.978230923414230347e-01
6.552771925926208496e-01,5.211741924285888672e-01
3.807768225669860840e-01,-1.765196025371551514e-02
-2.304370999336242676e-01,-4.773660376667976379e-02
6.810228824615478516e-01,5.219237804412841797e-01
4.728318452835083008e-01,8.540096879005432129e-01
2.162940949201583862e-01,5.146344304084777832e-01
6.890968680381774902e-01,6.064404845237731934e-01
4.747332632541656494e-01,6.928846836090087891e-01
7.638815045356750488e-01,6.455329656600952148e-01
6.954190731048583984e-01,3.883850574493408203e-01
1.138429641723632812e-01,-2.105471445247530937e-03
6.784299612045288086e-01,5.482560396194458008e-01
7.501276135444641113e-01,4.399800300598144531e-01
8.111189305782318115e-02,1.815143823623657227e-01
1.939134299755096436e-01,6.826891750097274780e-02
-3.370427191257476807e-01,-4.005425572395324707e-01
6.393532752990722656e-01,6.158412694931030273e-01
4.481362178921699524e-02,2.175509631633758545e-01
6.801264882087707520e-01,6.852210760116577148e-01
5.691614151000976562e-01,-3.138923645019531250e-01
-3.810231387615203857e-01,-4.080723971128463745e-02
5.645048022270202637e-01,7.438199520111083984e-01
5.810089707374572754e-01,2.359847277402877808e-01
2.348150163888931274e-01,5.579003095626831055e-01
6.403721570968627930e-01,6.278942227363586426e-01
5.038976073265075684e-01,-3.369715511798858643e-01
4.908645451068878174e-01,5.179796814918518066e-01
6.805868744850158691e-01,6.026028394699096680e-01
8.097157478332519531e-01,3.962047696113586426e-01
7.100704312324523926e-01,6.326016783714294434e-01
6.410178542137145996e-01,2.341797500848770142e-01
2.730235755443572998e-01,5.531238913536071777e-01
4.751846492290496826e-01,7.448304295539855957e-01
-4.191938042640686035e-01,-4.796017110347747803e-01
5.985298156738281250e-01,-2.511085271835327148e-01
-1.343895941972732544e-01,-3.953979909420013428e-02
-3.145172297954559326e-01,-1.487790513783693314e-02
6.288264393806457520e-01,4.955976903438568115e-01
5.052796006202697754e-01,8.152879476547241211e-01
4.765399396419525146e-01,6.883419752120971680e-01
7.159787416458129883e-01,5.157970190048217773e-01
5.744259357452392578e-01,2.241825461387634277e-01
-2.711535394191741943e-01,4.611593671143054962e-03
4.989196062088012695e-01,-5.959634184837341309e-01
-2.729338407516479492e-01,-2.671797759830951691e-02
6.821032166481018066e-01,5.409752726554870605e-01
1.365141570568084717e-01,2.831174619495868683e-02
4.621892869472503662e-01,7.400364279747009277e-01
-9.483244270086288452e-02,-8.909787237644195557e-02
6.799739599227905273e-01,3.344116508960723877e-01
4.351563453674316406e-01,3.576528429985046387e-01
4.634447693824768066e-01,7.350888252258300781e-01
4.750977158546447754e-01,4.778003692626953125e-01
3.434613943099975586e-01,6.763506531715393066e-01
6.755048632621765137e-01,4.036339819431304932e-01
5.558649897575378418e-01,2.163903564214706421e-01
4.579940438270568848e-01,7.324342727661132812e-01
-5.587890744209289551e-01,-5.763310194015502930e-01
1.866619288921356201e-01,5.707956477999687195e-02
-2.339241839945316315e-02,-8.153199553489685059e-01
2.927231192588806152e-01,6.088761687278747559e-01
3.026631474494934082e-01,5.812506079673767090e-01
1.179078686982393265e-02,-1.222509332001209259e-02
7.588117718696594238e-01,5.634520649909973145e-01
7.868847250938415527e-02,3.808748722076416016e-02
6.455401182174682617e-01,1.712813079357147217e-01
-1.960958540439605713e-01,-3.891882300376892090e-01
4.687340557575225830e-01,7.009084224700927734e-01
2.802005410194396973e-01,6.395127773284912109e-01
3.011951446533203125e-01,-6.913518905639648438e-01
6.765190958976745605e-01,5.510408282279968262e-01
-4.094747900962829590e-01,-5.494729056954383850e-02
-2.272228747606277466e-01,-2.750729396939277649e-02
7.222640514373779297e-01,6.940000057220458984e-01
3.625045120716094971e-01,6.448031067848205566e-01
7.413091659545898438e-01,6.213074922561645508e-01
1.938379257917404175e-01,7.324863970279693604e-02
4.869644045829772949e-01,8.309165835380554199e-01
4.277730882167816162e-01,7.294308543205261230e-01
4.809634089469909668e-01,6.209974288940429688e-01
5.423309206962585449e-01,8.011291623115539551e-01
4.812441766262054443e-01,5.660222768783569336e-01
4.770270586013793945e-01,6.548224091529846191e-01
4.738523066043853760e-01,7.093843221664428711e-01
5.778585076332092285e-01,-3.006063699722290039e-01
6.535426974296569824e-01,-4.994737505912780762e-01
5.443435907363891602e-01,7.679581046104431152e-01
5.240873694419860840e-01,-3.817458748817443848e-01
3.695113062858581543e-01,6.618170142173767090e-01
6.056063622236251831e-02,1.754252612590789795e-01
6.561726331710815430e-01,4.935305714607238770e-01
6.555097103118896484e-01,-4.300909340381622314e-01
5.016991496086120605e-01,7.759402990341186523e-01
-2.408497035503387451e-01,-3.222934603691101074e-01
6.031203866004943848e-01,-3.847244977951049805e-01
4.161661863327026367e-01,-5.443345308303833008e-01
4.987623989582061768e-01,-3.955307304859161377e-01
6.442548036575317383e-01,5.750140547752380371e-01
-1.563164740800857544e-01,2.888628095388412476e-02
6.286621689796447754e-01,6.281876564025878906e-01
4.449469745159149170e-01,7.115020155906677246e-01
-5.751815065741539001e-02,-2.097743004560470581e-02
4.510942101478576660e-01,-2.572953514754772186e-02
6.086755171418190002e-02,2.069582492113113403e-01
2.087201029062271118e-01,4.681280553340911865e-01
7.235081791877746582e-01,5.286837816238403320e-01
6.880459189414978027e-01,5.496608018875122070e-01
6.393837928771972656e-01,-3.767006397247314453e-01
8.084877729415893555e-01,3.951324820518493652e-01
7.253295183181762695e-01,2.790984809398651123e-01
7.171226739883422852e-01,6.719411611557006836e-01
-1.725266873836517334e-01,1.472818106412887573e-01
7.440209388732910156e-01,3.122795820236206055e-01
4.209728837013244629e-01,-5.585878491401672363e-01
5.332791209220886230e-01,2.056324779987335205e-01
6.918644309043884277e-01,5.985236167907714844e-01
3.445051610469818115e-01,6.372666358947753906e-01
3.417844176292419434e-01,5.880217552185058594e-01
3.258899748325347900e-01,7.011413574218750000e-01
6.392542123794555664e-01,3.566912412643432617e-01
5.198274254798889160e-01,8.013173937797546387e-01
-3.640006855130195618e-02,1.556694358587265015e-01
7.028435468673706055e-01,6.698483824729919434e-01
-2.858852148056030273e-01,-8.679182082414627075e-02
2.751077711582183838e-01,6.003643870353698730e-01
6.759412884712219238e-01,5.670068860054016113e-01
4.814334958791732788e-02,2.425629943609237671e-01
3.938416838645935059e-01,6.364639401435852051e-01
1.826464533805847168e-01,-6.365571022033691406e-01
4.612654447555541992e-01,3.617779910564422607e-01
5.720489621162414551e-01,-4.657162725925445557e-01
7.272707223892211914e-01,3.588638603687286377e-01
4.760564863681793213e-01,1.731528155505657196e-02
3.644503653049468994e-01,-7.559243440628051758e-01
4.388876259326934814e-01,-5.057319402694702148e-01
1.515657901763916016e-01,2.036245316267013550e-01
5.764206051826477051e-01,2.317930161952972412e-01
5.782204270362854004e-01,1.959255337715148926e-01
-5.119772553443908691e-01,-5.080475211143493652e-01
7.123359441757202148e-01,6.276001334190368652e-01
3.461761474609375000e-01,6.491521596908569336e-01
4.621360003948211670e-01,6.902875900268554688e-01
4.947817325592041016e-01,6.816131472587585449e-01
5.965375304222106934e-01,-4.422670006752014160e-01
-4.684367179870605469e-01,-4.911548793315887451e-01
4.799531400203704834e-01,6.307503581047058105e-02
5.097728967666625977e-01,6.655830144882202148e-01
1.492536067962646484e-01,2.362519316375255585e-02
3.506217896938323975e-01,6.303819417953491211e-01
1.575801521539688110e-01,3.735366836190223694e-02
-3.359637036919593811e-02,-8.004366755485534668e-01
3.416766822338104248e-01,6.185624003410339355e-01
6.350265741348266602e-01,2.503170967102050781e-01
6.071151494979858398e-01,2.434253990650177002e-01
-3.625101745128631592e-01,-3.419330716133117676e-01
7.561360597610473633e-01,7.041154503822326660e-01
6.232870817184448242e-01,6.018885970115661621e-01
4.864117503166198730e-01,8.583384752273559570e-01
4.749507009983062744e-01,4.558272957801818848e-01
4.422973096370697021e-01,-5.119725465774536133e-01
2.117536813020706177e-01,-7.174192070960998535e-01
6.384752392768859863e-01,4.677264690399169922e-01
-2.571854889392852783e-01,-2.051791176199913025e-02
5.016091465950012207e-01,8.180065751075744629e-01
4.709905683994293213e-01,3.563731610774993896e-01
4.071927964687347412e-01,7.390818744897842407e-02
3.685281574726104736e-01,6.131627559661865234e-01
5.145643949508666992e-01,7.173012495040893555e-01
5.051857829093933105e-01,8.553778529167175293e-01
-2.854100763797760010e-01,-4.666115343570709229e-01
4.867480099201202393e-01,7.162740826606750488e-01
1.490264083258807659e-03,2.384068518877029419e-01
3.478252291679382324e-01,6.124514341354370117e-01
-3.977663815021514893e-01,-4.251950383186340332e-01
7.649568319320678711e-01,7.287484407424926758e-01
8.058596253395080566e-01,4.198654592037200928e-01
6.627842187881469727e-01,5.882704257965087891e-01
6.275066733360290527e-01,2.164025455713272095e-01
4.644616544246673584e-01,4.220868647098541260e-02
6.712785959243774414e-01,4.350493252277374268e-01
7.007808685302734375e-01,4.501927196979522705e-01
7.049783468246459961e-01,5.908614993095397949e-01
7.438219785690307617e-01,3.787265121936798096e-01
-1.391339004039764404e-01,-8.594714850187301636e-02
-8.123453706502914429e-02,-2.246210537850856781e-02
-2.441983111202716827e-02,-4.127007722854614258e-02
2.975798845291137695e-01,6.112945079803466797e-01
6.568389534950256348e-01,6.193875074386596680e-01
5.329963564872741699e-01,7.816889882087707520e-01
8.102017641067504883e-02,1.437940597534179688e-01
6.566264629364013672e-01,6.747016310691833496e-01
1.028397604823112488e-01,4.729303345084190369e-02
6.591423153877258301e-01,3.575215339660644531e-01
-1.914232969284057617e-01,-3.891681507229804993e-02
4.955236911773681641e-01,6.805782318115234375e-01
5.659422874450683594e-01,1.827932745218276978e-01
4.498691260814666748e-01,7.526835799217224121e-01
3.208393454551696777e-01,6.094741821289062500e-01
4.558256268501281738e-01,7.141188979148864746e-01
5.217899084091186523e-01,6.855583786964416504e-01
6.806359887123107910e-01,5.891563296318054199e-01
4.150446057319641113e-01,-7.569296956062316895e-01
5.974875688552856445e-01,-3.397050499916076660e-01
-4.744047820568084717e-01,7.028524279594421387e-01
5.933735370635986328e-01,2.308818697929382324e-01
2.715014815330505371e-01,6.101601719856262207e-01
-6.068845391273498535e-01,6.977670192718505859e-01
2.937751412391662598e-01,6.623202562332153320e-01
6.063002347946166992e-01,1.700704693794250488e-01
-9.125593304634094238e-02,-8.678126931190490723e-01
2.469718754291534424e-01,5.471559762954711914e-01
7.680217623710632324e-01,7.237111926078796387e-01
3.641988039016723633e-01,5.680263638496398926e-01
4.322490692138671875e-01,-3.325667604804039001e-02
4.374172687530517578e-01,7.452747225761413574e-01
7.193880081176757812e-01,6.651336550712585449e-01
4.117698073387145996e-01,5.318203568458557129e-01
6.435430645942687988e-01,4.693216681480407715e-01
-5.191154032945632935e-02,2.056297361850738525e-01
-3.085155487060546875e-01,-5.378981679677963257e-02
6.806438565254211426e-01,6.799595952033996582e-01
4.667861759662628174e-01,7.159783244132995605e-01
6.112406849861145020e-01,5.455114245414733887e-01
5.822110176086425781e-01,7.090901136398315430e-01
-4.602077603340148926e-02,2.324413955211639404e-01
4.893461465835571289e-01,8.276962041854858398e-01
6.677701473236083984e-01,3.738065659999847412e-01
6.370126605033874512e-01,1.428403407335281372e-01
5.100942254066467285e-01,6.463540196418762207e-01
4.621009528636932373e-01,7.300747036933898926e-01
6.738987565040588379e-01,5.448551774024963379e-01
6.495869755744934082e-01,5.462516546249389648e-01
3.019149899482727051e-01,5.557492375373840332e-01
-1.293114423751831055e-01,-2.311629988253116608e-02
-6.719011347740888596e-03,-2.115893363952636719e-02
3.446786403656005859e-01,6.876082420349121094e-01
7.614533305168151855e-01,4.937666356563568115e-01
6.565805673599243164e-01,6.379350423812866211e-01
6.813120841979980469e-01,3.790624737739562988e-01
1.859767129644751549e-03,-7.359640598297119141e-01
1.642697155475616455e-01,5.005641281604766846e-02
1.238628625869750977e-01,3.995767980813980103e-02
4.931342303752899170e-01,7.038953304290771484e-01
1.100062131881713867e-01,1.311106327921152115e-02
5.904848575592041016e-01,8.845871090888977051e-01
6.720967888832092285e-01,6.418674588203430176e-01
3.103581368923187256e-01,5.347905755043029785e-01
-6.743866205215454102e-02,1.593422591686248779e-01
2.560151219367980957e-01,5.517258048057556152e-01
-1.416631191968917847e-01,-1.840498298406600952e-02
6.732245087623596191e-01,3.100507855415344238e-01
2.671948373317718506e-01,5.569518208503723145e-01
-5.631629824638366699e-01,6.508733630180358887e-01
-3.877065181732177734e-01,-4.795312881469726562e-02
3.804218471050262451e-01,6.034494042396545410e-01
6.545593738555908203e-01,5.995032191276550293e-01
6.930767893791198730e-01,4.877223968505859375e-01
3.651355504989624023e-01,6.223544478416442871e-01
6.414864063262939453e-01,6.091571450233459473e-01
7.326269745826721191e-01,6.339215040206909180e-01
4.872784316539764404e-01,3.565910160541534424e-01
5.169376730918884277e-01,5.266277790069580078e-01
2.736286520957946777e-01,6.440594792366027832e-01
4.887803792953491211e-01,-4.557846114039421082e-03
7.615237832069396973e-01,5.736193656921386719e-01
3.326556682586669922e-01,6.775249242782592773e-01
5.565677881240844727e-01,7.874890565872192383e-01
7.456278204917907715e-01,6.086416244506835938e-01
5.680106282234191895e-01,8.179120421409606934e-01
1.633962392807006836e-01,7.017166167497634888e-02
6.558800339698791504e-01,4.047295749187469482e-01
-1.783510297536849976e-01,1.457154899835586548e-01
4.949693679809570312e-01,5.272431373596191406e-01
7.852066159248352051e-01,7.310431003570556641e-01
-3.566901087760925293e-01,-4.675663411617279053e-01
7.559455037117004395e-01,5.547180175781250000e-01
4.821130335330963135e-01,5.299634933471679688e-01
5.700350403785705566e-01,2.031586170196533203e-01
2.961918413639068604e-01,5.386209487915039062e-01
-6.856920570135116577e-02,1.390903443098068237e-01
-1.818083971738815308e-02,-7.604554295539855957e-01
5.434403419494628906e-01,5.713447928428649902e-01
2.783676683902740479e-01,5.347574949264526367e-01
4.693365395069122314e-01,-6.541844457387924194e-03
6.905794739723205566e-01,5.446162223815917969e-01
5.378917455673217773e-01,6.868361234664916992e-01
3.050402402877807617e-01,5.788851976394653320e-01
6.080861687660217285e-01,2.553964257240295410e-01
4.102841764688491821e-02,2.398594915866851807e-01
-4.296655952930450439e-01,-3.601757586002349854e-01
1.625676453113555908e-01,-5.996766686439514160e-01
6.908365488052368164e-01,4.536390006542205811e-01
3.945601284503936768e-01,6.251857876777648926e-01
5.776621103286743164e-01,-2.470534145832061768e-01
1.926779747009277344e-01,-5.193779468536376953e-01
-1.868470609188079834e-01,-3.143342956900596619e-02
2.517088353633880615e-01,5.109172463417053223e-01
4.392097592353820801e-01,7.557985186576843262e-01
4.795026779174804688e-01,6.006320714950561523e-01
5.945339798927307129e-01,-4.611330032348632812e-01
-3.682191073894500732e-01,-8.726053833961486816e-01
1.393513679504394531e-01,2.007398009300231934e-02
-1.419709175825119019e-01,-1.676168143749237061e-01
-2.883745133876800537e-01,-6.451603770256042480e-02
-2.749378681182861328e-01,-5.333715584129095078e-03
4.536941945552825928e-01,6.404340863227844238e-01
2.933520376682281494e-01,6.515683531761169434e-01
-2.423748224973678589e-01,-4.667615592479705811e-01
6.060672402381896973e-01,2.755038440227508545e-01
2.394599765539169312e-01,5.535054206848144531e-01
4.896836578845977783e-01,3.316101133823394775e-01
-2.774492800235748291e-01,-6.274432688951492310e-02
1.537905186414718628e-01,4.324980452656745911e-02
7.026829123497009277e-01,5.263028740882873535e-01
3.627137243747711182e-01,-7.625021934509277344e-01
3.943611383438110352e-01,6.757627725601196289e-01
5.430598855018615723e-01,8.136423230171203613e-01
2.598960399627685547e-01,5.812069177627563477e-01
9.965845942497253418e-02,1.915676053613424301e-03
5.173468589782714844e-01,8.326418995857238770e-01
6.358548998832702637e-01,5.562723875045776367e-01
5.126657485961914062e-01,7.689734697341918945e-01
2.367524951696395874e-01,5.394697785377502441e-01
5.484181046485900879e-01,2.304311543703079224e-01
1.432722955942153931e-01,2.189966738224029541e-01
-3.179507553577423096e-01,-2.866433374583721161e-02
4.709130227565765381e-01,5.743194222450256348e-01
6.046921014785766602e-01,2.073992192745208740e-01
8.239838480949401855e-01,4.315815269947052002e-01
2.199116051197052002e-01,4.539920482784509659e-03
2.488083392381668091e-01,5.727387070655822754e-01
5.571404099464416504e-01,-2.507350742816925049e-01
6.718602776527404785e-01,3.709231019020080566e-01
-3.604066669940948486e-01,-4.115481376647949219e-01
1.167942062020301819e-01,4.511613026261329651e-02
6.459091305732727051e-01,5.423971414566040039e-01
2.942277193069458008e-01,6.161022782325744629e-01
2.147546969354152679e-02,2.369838804006576538e-01
6.431655883789062500e-01,5.521430373191833496e-01
4.848090708255767822e-01,3.701129555702209473e-01
6.524691581726074219e-01,1.897711604833602905e-01
4.122868776321411133e-01,8.872167021036148071e-02
2.071244716644287109e-01,6.919918954372406006e-02
3.264489173889160156e-01,-5.899217128753662109e-01
1.136204451322555542e-01,2.184615135192871094e-01
5.863242745399475098e-01,-4.518360197544097900e-01
4.990702271461486816e-01,8.765462636947631836e-01
5.634813904762268066e-01,6.675646901130676270e-01
5.021803975105285645e-01,2.106488049030303955e-01
4.793526530265808105e-01,2.209624089300632477e-02
4.874462783336639404e-01,7.960141897201538086e-01
6.868811249732971191e-01,6.631096601486206055e-01
5.818473696708679199e-01,-2.876464426517486572e-01
4.864148199558258057e-01,8.109500408172607422e-01
6.581427454948425293e-01,6.594950556755065918e-01
5.691276192665100098e-01,1.933444738388061523e-01
7.683904170989990234e-01,6.788184046745300293e-01
6.697902679443359375e-01,6.756875514984130859e-01
3.492251336574554443e-01,-6.899157166481018066e-01
-3.361668437719345093e-02,-6.946921944618225098e-01
4.738949239253997803e-01,-2.334163039922714233e-01
-4.140284061431884766e-01,-4.670076370239257812e-01
6.894880533218383789e-01,5.133591294288635254e-01
-3.484765887260437012e-01,-4.826399087905883789e-01
7.057607173919677734e-01,5.970084667205810547e-01
7.671464681625366211e-01,4.878218173980712891e-01
-1.298020482063293457e-01,-4.151342809200286865e-02
3.394336402416229248e-01,6.650404930114746094e-01
-1.503538042306900024e-01,-9.612830355763435364e-03
1.142399609088897705e-01,2.543908059597015381e-01
6.579604148864746094e-01,6.303184032440185547e-01
6.201425194740295410e-01,1.822492629289627075e-01
4.877288341522216797e-01,6.483305692672729492e-01
3.874475657939910889e-01,-6.363763213157653809e-01
-2.134106457233428955e-01,-5.030781775712966919e-02
6.792572140693664551e-01,5.443296432495117188e-01
1.030007898807525635e-01,2.578257769346237183e-02
7.383907437324523926e-01,4.380311369895935059e-01
-4.350694119930267334e-01,-7.743570953607559204e-02
8.116847276687622070e-01,4.671992063522338867e-01
7.776108980178833008e-01,4.822988510131835938e-01
2.973357439041137695e-01,6.028873324394226074e-01
5.288805365562438965e-01,8.065754771232604980e-01
7.454752922058105469e-01,7.035169601440429688e-01
5.207275748252868652e-01,8.717889189720153809e-01
5.258634090423583984e-01,-4.088543653488159180e-01
7.287119030952453613e-01,6.756204366683959961e-01
9.986937046051025391e-02,1.583083570003509521e-01
5.064488053321838379e-01,-2.677404135465621948e-02
5.847530961036682129e-01,2.022636234760284424e-01
7.573810219764709473e-01,4.739192426204681396e-01
6.475911140441894531e-01,1.649016141891479492e-01
7.201350927352905273e-01,5.413438081741333008e-01
4.603855907917022705e-01,7.294178009033203125e-02
6.665533781051635742e-01,5.975139737129211426e-01
6.198701858520507812e-01,1.588641554117202759e-01
6.517857909202575684e-01,5.838786959648132324e-01
6.896184086799621582e-01,6.760811805725097656e-01
5.159811377525329590e-01,7.365109920501708984e-01
2.997500300407409668e-01,6.123827695846557617e-01
5.439858436584472656e-01,8.113937377929687500e-01
4.963393509387969971e-01,7.260929346084594727e-01
3.187651932239532471e-02,-6.484320163726806641e-01
7.642098665237426758e-01,7.083363533020019531e-01
7.182384133338928223e-01,6.780055165290832520e-01
3.026129603385925293e-01,6.564204096794128418e-01
1.922907978296279907e-01,5.136561393737792969e-01
4.632814526557922363e-01,7.102839946746826172e-01
7.541632056236267090e-01,5.535713434219360352e-01
-8.258196711540222168e-02,-1.387008000165224075e-02
1.035291776061058044e-01,1.445143818855285645e-01
4.368208944797515869e-01,6.576033830642700195e-01
4.326579570770263672e-01,5.977256298065185547e-01
5.045800209045410156e-01,6.824566721916198730e-01
-1.849520802497863770e-01,-2.932806871831417084e-02
5.211137607693672180e-02,3.419357538223266602e-02
5.091106295585632324e-01,8.398352861404418945e-01
2.840082645416259766e-01,5.749681591987609863e-01
6.907113790512084961e-01,6.359981298446655273e-01
7.960245013236999512e-01,4.260630011558532715e-01
4.988720118999481201e-01,6.958841085433959961e-01
2.896553874015808105e-01,-6.132684350013732910e-01
2.271583303809165955e-02,2.286832630634307861e-01
3.172802627086639404e-01,7.003333568572998047e-01
1.064469665288925171e-01,-6.535575985908508301e-01
-1.005652695894241333e-01,-3.543482720851898193e-01
5.528533458709716797e-01,2.135420441627502441e-01
6.768197752535343170e-03,1.065687686204910278e-01
8.113647699356079102e-01,6.696653962135314941e-01
-4.389981925487518311e-01,6.407585144042968750e-01
7.277701497077941895e-01,5.674490332603454590e-01
6.276037693023681641e-01,1.640402674674987793e-01
5.077373981475830078e-01,8.210910558700561523e-01
5.769285559654235840e-01,2.376000881195068359e-01
6.617130041122436523e-01,2.905869483947753906e-01
5.868377089500427246e-01,1.956577599048614502e-01
5.303436517715454102e-01,-3.579597473144531250e-01
7.300429940223693848e-01,3.629508912563323975e-01
5.486104488372802734e-01,-4.322709441184997559e-01
4.496641457080841064e-01,7.857092022895812988e-01
-2.229648977518081665e-01,-7.842160016298294067e-02
2.713424265384674072e-01,5.760814547538757324e-01
7.453427910804748535e-01,6.823109388351440430e-01
-2.269648164510726929e-01,-2.669181488454341888e-02
4.364865124225616455e-01,6.969923973083496094e-01
5.524784922599792480e-01,2.129818499088287354e-01
3.798478841781616211e-01,6.927179098129272461e-01
7.107267975807189941e-01,6.306986212730407715e-01
6.246704459190368652e-01,4.771022498607635498e-01
5.450067520141601562e-01,-3.128080368041992188e-01
3.116020858287811279e-01,6.576703786849975586e-01
6.396192312240600586e-01,5.464903712272644043e-01
5.204858779907226562e-01,7.199727296829223633e-01
6.203583478927612305e-01,4.880622029304504395e-01
6.864409446716308594e-01,4.765747189521789551e-01
4.480250179767608643e-01,7.450755834579467773e-01
7.223420776426792145e-03,1.932378113269805908e-01
-2.863801717758178711e-01,-6.904975324869155884e-02
7.179088592529296875e-01,6.564823985099792480e-01
7.585054636001586914e-01,7.064760923385620117e-01
2.291805297136306763e-01,5.687871575355529785e-01
7.525672316551208496e-01,3.855696320533752441e-01
3.263746798038482666e-01,6.295459270477294922e-01
6.711855530738830566e-01,6.674607992172241211e-01
-1.268272399902343750e-01,-1.784559898078441620e-02
6.630141139030456543e-01,6.387023925781250000e-01
5.695720314979553223e-01,2.436022162437438965e-01
6.400628089904785156e-01,3.919890522956848145e-01
7.483232766389846802e-02,2.871503829956054688e-01
-1.927530393004417419e-02,2.032579332590103149e-01
2.762025892734527588e-01,5.809655189514160156e-01
2.959147989749908447e-01,-5.869219899177551270e-01
4.358525276184082031e-01,4.990704357624053955e-01
4.409243464469909668e-01,3.306838870048522949e-01
5.257617831230163574e-01,7.032287716865539551e-01
4.282785654067993164e-01,-5.892202854156494141e-01
7.193199992179870605e-01,6.679642200469970703e-01
-3.468618690967559814e-01,-7.151370495557785034e-02
4.437959492206573486e-01,4.045192301273345947e-01
2.534304857254028320e-01,5.083168745040893555e-01
6.068379878997802734e-01,-4.576088488101959229e-01
3.474434912204742432e-01,6.393836140632629395e-01
4.778469204902648926e-01,4.942421615123748779e-01
6.540080308914184570e-01,-3.873577713966369629e-01
3.920322656631469727e-01,6.018770337104797363e-01
-1.313101202249526978e-01,-1.704253628849983215e-02
2.788888514041900635e-01,6.502456665039062500e-01
6.730476021766662598e-01,-5.466796159744262695e-01
1.770026683807373047e-01,4.693236202001571655e-02
-9.909239411354064941e-02,2.170887077227234840e-03
3.158016800880432129e-01,-6.628696322441101074e-01
4.603722393512725830e-01,6.637149453163146973e-01
-3.932943642139434814e-01,-5.280061364173889160e-01
5.928290486335754395e-01,2.105378508567810059e-01
6.289274096488952637e-01,5.407919883728027344e-01
2.415867000818252563e-01,5.139520168304443359e-01
6.605556607246398926e-01,6.526762247085571289e-01
-1.717213392257690430e-01,1.964040696620941162e-01
7.098696231842041016e-01,5.690332651138305664e-01
6.433056592941284180e-01,-5.660971403121948242e-01
2.431934475898742676e-01,-6.453233957290649414e-01
-3.251074850559234619e-01,-2.127828262746334076e-02
-4.065740406513214111e-01,-6.039150431752204895e-02
3.390747308731079102e-01,6.718327999114990234e-01
4.359005689620971680e-01,5.938214063644409180e-01
2.631855607032775879e-01,6.372928023338317871e-01
7.162137031555175781e-01,6.799402832984924316e-01
-1.304070353507995605e-01,-4.074099287390708923e-02
2.768145799636840820e-01,4.855705797672271729e-01
-1.399583648890256882e-02,2.357788830995559692e-01
6.286126375198364258e-01,6.130889058113098145e-01
2.093044519424438477e-01,4.481368958950042725e-01
-1.932910382747650146e-01,-2.787606790661811829e-02
2.867971062660217285e-01,5.856264233589172363e-01
7.243651747703552246e-01,6.841826438903808594e-01
6.724054813385009766e-01,5.295820832252502441e-01
5.125640630722045898e-01,6.035425662994384766e-01
6.717969775199890137e-01,5.284189581871032715e-01
5.446618795394897461e-01,1.999473720788955688e-01
1.523001492023468018e-01,2.249615192413330078e-01
-3.178803622722625732e-02,-7.324946522712707520e-01
3.828558921813964844e-01,6.798208355903625488e-01
5.128138661384582520e-01,8.379932045936584473e-01
5.619047880172729492e-01,-5.390337109565734863e-01
5.099946856498718262e-01,5.924676060676574707e-01
-2.207484096288681030e-01,3.974401857703924179e-03
-2.101974934339523315e-01,-1.131006516516208649e-02
-2.839425206184387207e-01,-1.193253695964813232e-02
5.062354207038879395e-01,6.870964169502258301e-01
4.988697767257690430e-01,7.135986685752868652e-01
2.138011902570724487e-01,5.642517805099487305e-01
4.908740222454071045e-01,6.624180674552917480e-01
-7.940660417079925537e-02,1.429663896560668945e-01
2.279380857944488525e-01,5.564432740211486816e-01
5.318768620491027832e-01,8.122501373291015625e-01
7.478896975517272949e-01,7.239927053451538086e-01
3.231668472290039062e-01,6.186403632164001465e-01
5.872578024864196777e-01,2.020702809095382690e-01
4.972143471240997314e-01,8.168665766716003418e-01
4.426422715187072754e-01,5.011674165725708008e-01
-3.114975690841674805e-01,-3.563101887702941895e-01
-2.697603702545166016e-01,-1.346479058265686035e-01
-4.904899746179580688e-02,-3.598130121827125549e-02
7.416734099388122559e-01,3.733865916728973389e-01
6.753628253936767578e-01,5.895564556121826172e-01
5.221408009529113770e-01,-5.028984546661376953e-01
7.721262574195861816e-01,4.669494032859802246e-01
4.231140613555908203e-01,5.388863086700439453e-01
-5.582144483923912048e-02,-2.657783329486846924e-01
5.264184474945068359e-01,7.264347076416015625e-01
5.303794145584106445e-01,8.085821866989135742e-01
4.421955645084381104e-01,8.363962769508361816e-01
5.113090872764587402e-01,-6.070010066032409668e-01
7.142173647880554199e-01,6.548115015029907227e-01
4.884675145149230957e-01,-6.921821739524602890e-03
5.579656362533569336e-01,2.179924845695495605e-01
6.700477004051208496e-01,5.911891460418701172e-01
4.404045641422271729e-01,-6.405813097953796387e-01
4.990411400794982910e-01,5.250796079635620117e-01
-4.291980266571044922e-01,-5.441397428512573242e-01
4.600072503089904785e-01,6.867162585258483887e-01
-1.528566032648086548e-01,-1.420421712100505829e-02
-2.397994510829448700e-03,2.104599177837371826e-01
4.642456471920013428e-01,6.888827681541442871e-01
2.768633365631103516e-01,5.619182586669921875e-01
2.745065093040466309e-01,5.152406096458435059e-01
4.353512525558471680e-01,5.337058305740356445e-01
3.488549888134002686e-01,5.877619385719299316e-01
4.261111915111541748e-01,6.470797955989837646e-02
3.951396048069000244e-01,-1.136674173176288605e-02
8.158596158027648926e-01,7.637314200401306152e-01
6.674453020095825195e-01,6.664685606956481934e-01
7.244934439659118652e-01,6.231393218040466309e-01
6.177816987037658691e-01,4.096435308456420898e-01
-2.727766633033752441e-01,-1.347458735108375549e-02
4.859284460544586182e-01,7.505054473876953125e-01
5.386802554130554199e-01,-5.285122990608215332e-01
9.756360203027725220e-02,8.789327926933765411e-03
5.082584619522094727e-01,6.833441555500030518e-02
-2.481408119201660156e-01,-9.747796505689620972e-02
-3.550517559051513672e-01,-4.233330488204956055e-02
5.041492581367492676e-01,6.818394064903259277e-01
4.654320180416107178e-01,-9.914147667586803436e-03
2.607858479022979736e-01,5.922700762748718262e-01
-2.624729871749877930e-01,-4.758303984999656677e-02
2.720350623130798340e-01,6.064298152923583984e-01
6.998809576034545898e-01,5.569550395011901855e-01
5.867426991462707520e-01,2.102035135030746460e-01
9.553518146276473999e-02,2.152723222970962524e-01
7.830827832221984863e-01,5.156715512275695801e-01
-2.194369584321975708e-01,-1.603836938738822937e-02
4.674866795539855957e-01,7.231258749961853027e-01
5.133262276649475098e-01,8.349782228469848633e-01
-3.871686160564422607e-01,-7.698059082031250000e-02
-9.092017263174057007e-02,1.740743070840835571e-01
2.556125521659851074e-01,5.438539981842041016e-01
4.149787127971649170e-01,-7.742031216621398926e-01
7.045251727104187012e-01,4.764740467071533203e-01
7.326478362083435059e-01,7.160341143608093262e-01
6.711281538009643555e-01,6.802851557731628418e-01
-1.723091602325439453e-01,-1.862747245468199253e-03
7.171506881713867188e-01,6.726415753364562988e-01
-2.647247910499572754e-01,2.645972929894924164e-02
1.240610852837562561e-01,5.187650024890899658e-02
-3.550243079662322998e-01,-3.808419778943061829e-02
9.284336864948272705e-02,2.388356775045394897e-01
6.933430433273315430e-01,5.679839849472045898e-01
5.015016794204711914e-01,8.464363217353820801e-01
4.440601468086242676e-01,4.180352389812469482e-02
1.680997163057327271e-01,2.023060619831085205e-01
6.341577172279357910e-01,6.344406008720397949e-01
-4.043212831020355225e-01,-4.951863288879394531e-01
6.727752685546875000e-01,6.272213459014892578e-01
6.729065775871276855e-01,3.785828948020935059e-01
3.028920590877532959e-01,5.802291035652160645e-01
6.496732831001281738e-01,5.275754928588867188e-01
6.026020646095275879e-01,2.422704547643661499e-01
6.984194517135620117e-01,6.038502454757690430e-01
5.170246958732604980e-01,7.809906005859375000e-01
2.874802649021148682e-01,5.578470230102539062e-01
4.671084880828857422e-01,8.001621961593627930e-01
5.916537046432495117e-01,-4.312264323234558105e-01
5.498723685741424561e-02,1.920312345027923584e-01
4.860273897647857666e-01,8.666319251060485840e-01
7.623867392539978027e-01,5.032278299331665039e-01
4.685059487819671631e-01,3.632759451866149902e-01
-4.544337987899780273e-01,-4.803328216075897217e-01
3.629845976829528809e-01,-5.644003152847290039e-01
-2.924496307969093323e-02,1.054971069097518921e-01
-2.185440808534622192e-02,2.231396436691284180e-01
4.686097204685211182e-01,7.055030465126037598e-01
4.287518858909606934e-01,5.897430777549743652e-01
7.257679104804992676e-01,3.389671742916107178e-01
5.204643011093139648e-01,6.423964500427246094e-01
5.902681872248649597e-02,1.934175044298171997e-01
2.093870937824249268e-01,5.870927870273590088e-02
4.094274938106536865e-01,5.883212089538574219e-01
-6.284099817276000977e-01,7.347979545593261719e-01
8.164395391941070557e-02,1.965539753437042236e-01
5.540739893913269043e-01,1.897799521684646606e-01
7.472470998764038086e-01,4.063852429389953613e-01
2.671966552734375000e-01,5.578005313873291016e-01
3.162057995796203613e-01,5.081282258033752441e-01
5.149995684623718262e-01,7.981635332107543945e-01
-3.123772740364074707e-01,-9.584029018878936768e-02
4.638653397560119629e-01,-5.744460821151733398e-01
5.723667144775390625e-01,6.113128066062927246e-01
5.148149728775024414e-01,8.635998964309692383e-01
4.592035114765167236e-01,7.987279295921325684e-01
6.636720895767211914e-01,4.818831384181976318e-01
6.731451153755187988e-01,5.835510492324829102e-01
4.327107071876525879e-01,7.598977684974670410e-01
-4.136626720428466797e-01,-1.580347418785095215e-01
7.229759097099304199e-01,5.371468663215637207e-01
5.279039740562438965e-01,-6.209259033203125000e-01
8.419821411371231079e-02,-6.690938957035541534e-03
5.583593845367431641e-01,1.938624978065490723e-01
1.073509007692337036e-01,1.625077426433563232e-02
5.307856798171997070e-01,-5.800565481185913086e-01
6.467819958925247192e-02,2.012266069650650024e-01
1.570218503475189209e-01,4.777108132839202881e-02
3.513772189617156982e-01,-7.201197147369384766e-01
5.586733818054199219e-01,1.603946387767791748e-01
5.684661865234375000e-01,2.070351541042327881e-01
4.767151772975921631e-01,7.035390138626098633e-01
6.687251329421997070e-01,-3.920295834541320801e-01
2.954105436801910400e-01,5.990144610404968262e-01
7.715978026390075684e-01,4.422153532505035400e-01
7.419462203979492188e-01,7.143669128417968750e-01
8.142645955085754395e-01,7.501606345176696777e-01
3.377131521701812744e-01,6.315960288047790527e-01
3.482345342636108398e-01,6.169199943542480469e-01
-1.402485668659210205e-01,-5.011860281229019165e-02
-1.709384769201278687e-01,1.044326275587081909e-02
2.714352607727050781e-01,-6.936607360839843750e-01
1.246025115251541138e-01,2.630736529827117920e-01
6.099019199609756470e-02,-3.605847805738449097e-02
5.316068530082702637e-01,8.709748387336730957e-01
5.829379558563232422e-01,2.248790115118026733e-01
6.763907074928283691e-01,4.516811668872833252e-01
6.510660648345947266e-01,2.814965844154357910e-01
3.460110425949096680e-01,9.987746179103851318e-02
-3.612511456012725830e-01,6.367500424385070801e-01
2.710552811622619629e-01,5.082370638847351074e-01
3.162052929401397705e-01,6.395263671875000000e-01
6.095616221427917480e-01,1.521875560283660889e-01
-3.479202687740325928e-01,4.363506741356104612e-04
7.139024734497070312e-01,4.584034085273742676e-01
4.368731379508972168e-01,6.981238722801208496e-01
6.306467652320861816e-01,1.618796736001968384e-01
6.370097398757934570e-01,4.813314676284790039e-01
-2.745784446597099304e-02,1.625272780656814575e-01
7.020453810691833496e-01,6.593573093414306641e-01
1.562392115592956543e-01,2.024948149919509888e-01
7.320203185081481934e-01,3.439826667308807373e-01
6.923578381538391113e-01,3.525360822677612305e-01
6.819871068000793457e-01,6.274727582931518555e-01
4.073892831802368164e-01,6.911677122116088867e-01
6.656535863876342773e-01,4.880113005638122559e-01
6.693308949470520020e-01,6.587800979614257812e-01
7.528417706489562988e-01,7.189052104949951172e-01
5.223426222801208496e-01,8.111391663551330566e-01
-2.744765952229499817e-02,-1.883473247289657593e-01
7.077086567878723145e-01,6.965008974075317383e-01
1.857146322727203369e-01,2.775172330439090729e-02
6.109600067138671875e-01,-4.296146035194396973e-01
1.186706349253654480e-01,2.489312887191772461e-01
-4.382016956806182861e-01,-4.963845610618591309e-01
1.229573935270309448e-01,1.550191082060337067e-02
5.956896543502807617e-01,2.016091495752334595e-01
4.221522510051727295e-01,6.277344822883605957e-01
2.456478625535964966e-01,4.756695032119750977e-01
2.865763604640960693e-01,6.282830238342285156e-01
7.242953181266784668e-01,7.078187465667724609e-01
-3.605902791023254395e-01,-1.254633963108062744e-01
-1.122710704803466797e-01,1.265709847211837769e-01
-3.210022673010826111e-02,-7.039754390716552734e-01
2.088823169469833374e-01,1.969856023788452148e-02
5.676862001419067383e-01,-5.912575721740722656e-01
7.042456269264221191e-01,5.887576937675476074e-01
5.826429128646850586e-01,1.946319490671157837e-01
5.419510602951049805e-01,8.650184273719787598e-01
4.479654431343078613e-01,3.652275204658508301e-01
2.631100118160247803e-01,6.386755704879760742e-01
6.636096239089965820e-01,5.057748556137084961e-01
6.109168529510498047e-01,-2.881338298320770264e-01
-2.371363788843154907e-01,-4.825012013316154480e-02
9.322009235620498657e-02,-7.078116536140441895e-01
7.567934393882751465e-01,4.558861553668975830e-01
-1.188696082681417465e-02,2.224455177783966064e-01
2.290212959051132202e-01,4.451169371604919434e-01
-4.106143414974212646e-01,-4.700057804584503174e-01
7.003511786460876465e-01,6.334666013717651367e-01
1.573927402496337891e-01,5.132395029067993164e-02
4.603624641895294189e-01,5.776091665029525757e-02
3.339246809482574463e-01,6.008797287940979004e-01
-3.922409415245056152e-01,-5.255134701728820801e-01
4.640971720218658447e-01,2.044054679572582245e-02
3.553015887737274170e-01,-6.668533682823181152e-01
1.997267156839370728e-01,5.464003682136535645e-01
-1.196008548140525818e-02,1.986850500106811523e-01
1.450828015804290771e-01,2.057043761014938354e-01
2.134628742933273315e-01,-7.891865968704223633e-01
5.214011073112487793e-01,4.971009194850921631e-01
6.227129101753234863e-01,2.462730258703231812e-01
7.398771643638610840e-01,7.451573610305786133e-01
5.709196329116821289e-01,1.644774079322814941e-01
1.082843691110610962e-01,2.499739173799753189e-03
5.087646245956420898e-01,8.026188611984252930e-01
6.611894965171813965e-01,5.289649963378906250e-01
1.691037416458129883e-01,3.200208395719528198e-02
5.392871499061584473e-01,7.822647690773010254e-01
7.955521941184997559e-01,3.307454288005828857e-01
7.317689657211303711e-01,3.824798166751861572e-01
7.408574819564819336e-01,3.326653242111206055e-01
2.114164382219314575e-01,-7.809759378433227539e-01
-3.306549191474914551e-01,-3.923460841178894043e-01
5.862976312637329102e-01,1.737698465585708618e-01
6.514874100685119629e-01,4.294449090957641602e-01
7.389567494392395020e-01,7.047025561332702637e-01
2.200598269701004028e-02,1.873729676008224487e-01
6.905729770660400391e-01,3.570427000522613525e-01
5.899987816810607910e-01,8.629193902015686035e-01
6.644990444183349609e-01,5.877991914749145508e-01
7.134388685226440430e-01,6.518622636795043945e-01
2.664032392203807831e-02,-2.775675617158412933e-02
-2.877631783485412598e-01,1.301306020468473434e-02
5.327659845352172852e-01,7.890555858612060547e-01
5.410693883895874023e-01,-4.314213097095489502e-01
7.077593207359313965e-01,6.469601392745971680e-01
-1.748434007167816162e-01,-1.285578962415456772e-02
6.697227954864501953e-01,5.592845678329467773e-01
5.716601014137268066e-01,-2.476129531860351562e-01
5.143987536430358887e-01,6.580694317817687988e-01
4.864338934421539307e-01,7.023780345916748047e-01
5.459221601486206055e-01,8.427516222000122070e-01
6.732148528099060059e-01,4.590684473514556885e-01
6.841900944709777832e-01,6.024541854858398438e-01
3.022226989269256592e-01,5.720617175102233887e-01
6.799457073211669922e-01,4.576511681079864502e-01
1.577820070087909698e-02,1.872131973505020142e-01
3.583320081233978271e-01,6.730711460113525391e-01
6.616717576980590820e-01,-4.559823870658874512e-01
6.980678439140319824e-01,4.470679759979248047e-01
2.553500533103942871e-01,5.948048233985900879e-01
7.148646563291549683e-02,1.775092184543609619e-01
-6.380709819495677948e-03,-2.114424854516983032e-02
6.922577619552612305e-01,5.463135838508605957e-01
-2.346090823411941528e-01,-3.817651569843292236e-01
1.047592908143997192e-01,2.076350748538970947e-01
2.311572879552841187e-01,4.769569337368011475e-01
1.249847188591957092e-01,-4.295605700463056564e-03
5.022398829460144043e-01,8.148906230926513672e-01
6.776523590087890625e-01,5.365574955940246582e-01
-2.169558256864547729e-01,-6.741545349359512329e-02
4.560620188713073730e-01,5.572687387466430664e-01
2.302475869655609131e-01,4.423885345458984375e-01
4.294207096099853516e-01,-5.692223310470581055e-01
5.517617464065551758e-01,-6.661760807037353516e-01
6.315856575965881348e-01,1.770516186952590942e-01
-3.564473986625671387e-01,-8.846124261617660522e-02
1.575432419776916504e-01,5.130629241466522217e-02
4.712725579738616943e-01,6.994404792785644531e-01
5.337657928466796875e-01,-3.057222068309783936e-01
6.701079010963439941e-01,6.439813971519470215e-01
6.727252602577209473e-01,4.203391075134277344e-01
2.705396115779876709e-01,-5.442324280738830566e-01
7.011811137199401855e-01,3.619429767131805420e-01
4.892717003822326660e-01,8.261870145797729492e-01
3.931129574775695801e-01,6.065551638603210449e-01
7.022984623908996582e-01,2.296587228775024414e-01
4.984687864780426025e-01,-4.983287453651428223e-01
4.940705597400665283e-01,6.822557449340820312e-01
3.485787510871887207e-01,5.962777733802795410e-01
3.425208926200866699e-01,-1.306668221950531006e-01
4.510118365287780762e-01,7.222282886505126953e-01
6.603662967681884766e-01,6.732275485992431641e-01
2.728972733020782471e-01,5.750020742416381836e-01
2.540763020515441895e-01,5.466105341911315918e-01
6.514995694160461426e-01,-3.725421726703643799e-01
2.888446450233459473e-01,5.178053379058837891e-01
6.424700617790222168e-01,5.591247677803039551e-01
7.862253189086914062e-01,4.564622044563293457e-01
-1.399800777435302734e-01,-6.269629299640655518e-02
4.899392127990722656e-01,6.882824897766113281e-01
7.627406716346740723e-01,4.064484536647796631e-01
7.032523155212402344e-01,3.840436935424804688e-01
2.272325754165649414e-01,5.292850136756896973e-01
5.163933634757995605e-01,7.986598014831542969e-01
6.472333073616027832e-01,6.283048987388610840e-01
-1.120955049991607666e-01,-2.945983037352561951e-02
4.882445335388183594e-01,6.773005127906799316e-01
4.334512352943420410e-01,4.850977286696434021e-02
-1.256867498159408569e-01,-8.080248236656188965e-01
5.167038440704345703e-01,6.630820035934448242e-01
1.507729887962341309e-01,2.212168872356414795e-01
2.863274812698364258e-01,5.800680518150329590e-01
6.167001128196716309e-01,4.846078753471374512e-01
6.577749252319335938e-01,5.498631596565246582e-01
-1.339977383613586426e-01,1.530685126781463623e-01
4.467673599720001221e-01,5.711786746978759766e-01
5.158820748329162598e-01,8.372796177864074707e-01
7.853447645902633667e-02,2.517434656620025635e-01
4.112051427364349365e-01,5.492666959762573242e-01
5.143547058105468750e-01,7.355290055274963379e-01
-2.100041210651397705e-01,-2.795474417507648468e-02
3.101935982704162598e-01,6.503990292549133301e-01
7.022619247436523438e-01,5.274205207824707031e-01
2.284591645002365112e-01,5.741850137710571289e-01
5.411401987075805664e-01,6.802234053611755371e-01
6.998326778411865234e-01,2.724824845790863037e-01
7.237144112586975098e-01,6.266238689422607422e-01
1.355621069669723511e-01,1.667098402976989746e-01
1.498083490878343582e-02,1.291583925485610962e-01
4.888380169868469238e-01,7.948389649391174316e-01
6.265412569046020508e-01,2.385604530572891235e-01
4.826037287712097168e-01,6.934965848922729492e-01
-6.098214909434318542e-02,1.390347033739089966e-01
7.064385414123535156e-01,4.639537334442138672e-01
4.841373264789581299e-01,6.621699035167694092e-02
-5.099322274327278137e-02,2.015304118394851685e-01
6.046416759490966797e-01,1.590868532657623291e-01
4.900482892990112305e-01,2.441098541021347046e-02
-3.728700056672096252e-02,2.118857502937316895e-01
8.965801447629928589e-02,1.452698260545730591e-01
7.907013297080993652e-01,7.053292393684387207e-01
6.405982971191406250e-01,5.893276333808898926e-01
4.700787067413330078e-01,8.431485295295715332e-01
7.774955034255981445e-01,3.322031199932098389e-01
7.410876154899597168e-01,6.524164676666259766e-01
7.619289308786392212e-02,-1.893611438572406769e-02
5.004891753196716309e-01,8.067171573638916016e-01
-1.396292746067047119e-01,-2.695510908961296082e-02
7.115353941917419434e-01,6.080917716026306152e-01
6.942901611328125000e-01,5.838716626167297363e-01
4.989257752895355225e-01,8.165063261985778809e-01
3.382650017738342285e-01,5.591534972190856934e-01
6.567286252975463867e-01,1.833549141883850098e-01
2.778404057025909424e-01,5.772164463996887207e-01
6.912983059883117676e-01,4.545603096485137939e-01
4.829214513301849365e-01,7.140374779701232910e-01
6.041046977043151855e-01,2.125193625688552856e-01
5.575437545776367188e-01,-3.872616589069366455e-01
4.658965766429901123e-01,7.510373741388320923e-02
-3.024221956729888916e-01,-3.804652988910675049e-01
3.414410650730133057e-01,6.091544032096862793e-01
6.320804357528686523e-01,5.040706992149353027e-01
5.325381159782409668e-01,2.349751293659210205e-01
-8.950652182102203369e-02,1.284676343202590942e-01
8.032701015472412109e-01,7.270087599754333496e-01
5.801514387130737305e-01,2.332716882228851318e-01
4.941216111183166504e-01,3.792608976364135742e-01
1.835110783576965332e-01,5.078200995922088623e-02
4.880611896514892578e-01,8.003320693969726562e-01
4.483247697353363037e-01,8.144994378089904785e-01
3.612084090709686279e-01,6.368442773818969727e-01
-3.101105093955993652e-01,1.806198246777057648e-02
-3.288259506225585938e-01,-7.339558005332946777e-02
5.372614860534667969e-01,7.981231212615966797e-01
4.737405180931091309e-01,8.026459813117980957e-01
6.729696393013000488e-01,6.271843910217285156e-01
3.330472707748413086e-01,5.893114805221557617e-01
6.650922298431396484e-01,6.618917584419250488e-01
6.884069442749023438e-01,6.407701969146728516e-01
6.207177639007568359e-01,-3.938122987747192383e-01
1.758511066436767578e-01,-8.085270524024963379e-01
5.993245840072631836e-01,-5.703614354133605957e-01
9.364975988864898682e-02,2.036715745925903320e-01
7.278190255165100098e-01,6.169885993003845215e-01
5.878252387046813965e-01,-3.563490211963653564e-01
1.693667173385620117e-01,4.916314780712127686e-02
5.064979791641235352e-01,5.332893133163452148e-01
6.510210037231445312e-01,6.443082094192504883e-01
7.544872164726257324e-01,4.180865287780761719e-01
6.998675465583801270e-01,5.643095970153808594e-01
6.426500082015991211e-01,6.073476076126098633e-01
7.288068532943725586e-01,7.151111364364624023e-01
3.170899748802185059e-01,5.784260034561157227e-01
-1.721468418836593628e-01,1.638763993978500366e-01
3.062807023525238037e-01,5.423255562782287598e-01
3.949298560619354248e-01,6.338132619857788086e-01
-2.758709490299224854e-01,-9.337234497070312500e-02
-1.778427958488464355e-01,-7.210621982812881470e-02
5.125278234481811523e-01,6.824524998664855957e-01
6.339074671268463135e-02,1.564123630523681641e-01
-2.158749252557754517e-01,-3.171521425247192383e-02
5.911636948585510254e-01,2.180698662996292114e-01
4.591149091720581055e-01,7.076497077941894531e-01
6.686626672744750977e-01,6.343445777893066406e-01
-4.714198112487792969e-01,-1.063043251633644104e-01
-3.022607266902923584e-01,-5.199751257896423340e-01
6.966388821601867676e-01,6.989517211914062500e-01
4.622693061828613281e-01,3.461317121982574463e-01
-4.573120176792144775e-02,-2.019631303846836090e-02
6.024789810180664062e-01,1.789244562387466431e-01
5.187664628028869629e-01,6.697269082069396973e-01
6.772786378860473633e-01,5.877429842948913574e-01
4.885787367820739746e-01,6.897517442703247070e-01
2.681726515293121338e-01,9.054726362228393555e-02
3.543107509613037109e-01,6.710357666015625000e-01
5.197870135307312012e-01,7.586354613304138184e-01
7.687001228332519531e-01,4.834357798099517822e-01
6.652743220329284668e-01,5.663703680038452148e-01
8.038545250892639160e-01,4.281315207481384277e-01
7.367810010910034180e-01,3.820013999938964844e-01
3.656916022300720215e-01,6.330262422561645508e-01
3.102780282497406006e-01,5.766541361808776855e-01
5.876224637031555176e-01,2.204601168632507324e-01
8.075575828552246094e-01,3.862112462520599365e-01
7.570390105247497559e-01,6.912018060684204102e-01
6.835065484046936035e-01,4.362195432186126709e-01
-5.728651955723762512e-02,1.461396366357803345e-01
2.408975549042224884e-02,-3.192640095949172974e-02
4.834222793579101562e-01,7.000560760498046875e-01
6.277151703834533691e-01,6.562245488166809082e-01
7.632767558097839355e-01,4.662542939186096191e-01
4.842747747898101807e-01,3.737263679504394531e-01
7.634066343307495117e-01,6.783394217491149902e-01
4.910543560981750488e-01,8.762550354003906250e-01
-3.478764891624450684e-01,1.338185928761959076e-02
4.963016510009765625e-01,-3.358263373374938965e-01
6.450201869010925293e-01,4.602659940719604492e-01
3.267196714878082275e-01,5.986297726631164551e-01
6.490327119827270508e-01,3.946347236633300781e-01
6.972700953483581543e-01,5.225521326065063477e-01
5.856553316116333008e-01,6.565235257148742676e-01
5.754464268684387207e-01,2.322785854339599609e-01
3.067238926887512207e-01,5.601639747619628906e-01
5.690129995346069336e-01,1.924743801355361938e-01
4.685156345367431641e-01,7.983785867691040039e-01
2.766135036945343018e-01,5.602496862411499023e-01
4.812806546688079834e-01,4.971090704202651978e-03
6.995837092399597168e-01,5.547451376914978027e-01
5.957676172256469727e-01,-4.405978322029113770e-01
7.549185752868652344e-01,6.985768675804138184e-01
8.038191795349121094e-01,4.468052387237548828e-01
3.471693694591522217e-01,6.165854334831237793e-01
6.942755579948425293e-01,5.931324958801269531e-01
5.482897758483886719e-01,-3.786466419696807861e-01
5.002599358558654785e-01,6.367112994194030762e-01
-4.815069735050201416e-01,-4.714939892292022705e-01
4.750602841377258301e-01,8.331251740455627441e-01
7.376473546028137207e-01,7.010175585746765137e-01
-2.751134037971496582e-01,-7.610120624303817749e-02
-3.464849889278411865e-01,-4.807803928852081299e-01
7.123547196388244629e-01,6.660578250885009766e-01
4.297813475131988525e-01,6.225548386573791504e-01
6.152150034904479980e-01,-3.334092497825622559e-01
-8.212495595216751099e-02,2.591350115835666656e-02
8.040092587471008301e-01,4.065539240837097168e-01
7.204400002956390381e-02,-1.920706480741500854e-01
4.561158120632171631e-01,8.279159069061279297e-01
-3.052236437797546387e-01,-7.491751015186309814e-02
6.845304369926452637e-01,6.839257478713989258e-01
7.292061448097229004e-01,6.396986246109008789e-01
5.981022715568542480e-01,1.974503397941589355e-01
-8.098559081554412842e-02,-2.987031340599060059e-01
5.993678569793701172e-01,-5.042964816093444824e-01
6.962106227874755859e-01,6.838116645812988281e-01
3.223963081836700439e-01,6.222940683364868164e-01
5.069547295570373535e-01,6.945776939392089844e-01
4.960368871688842773e-01,6.119315624237060547e-01
4.820399582386016846e-01,5.083967447280883789e-01
4.763209521770477295e-01,3.518107533454895020e-01
6.792281270027160645e-01,4.052069485187530518e-01
6.807801127433776855e-01,6.006626486778259277e-01
7.052876800298690796e-02,1.120805274695158005e-03
-3.176711499691009521e-01,-7.739346474409103394e-02
6.536361575126647949e-01,6.339785456657409668e-01
5.028034448623657227e-01,6.631647348403930664e-01
6.115727424621582031e-01,-3.495719432830810547e-01
7.095000147819519043e-01,5.598132610321044922e-01
7.020652890205383301e-01,5.182015299797058105e-01
-1.934641450643539429e-01,-5.964323505759239197e-02
2.147652357816696167e-01,4.601239264011383057e-01
5.018438696861267090e-01,7.350805401802062988e-01
-2.661180794239044189e-01,-5.364976450800895691e-02
3.463484048843383789e-01,6.135119199752807617e-01
-1.305817859247326851e-03,2.114458233118057251e-01
5.538494586944580078e-01,-4.283851981163024902e-01
6.778993010520935059e-01,6.188402771949768066e-01
5.416697263717651367e-01,1.940089166164398193e-01
7.522815465927124023e-01,7.021154165267944336e-01
4.933989346027374268e-01,6.985461115837097168e-01
4.821667969226837158e-01,6.745482087135314941e-01
2.393101006746292114e-01,5.734555125236511230e-01
4.638811945915222168e-01,5.358508229255676270e-01
5.975820422172546387e-01,-3.035630881786346436e-01
2.599092423915863037e-01,5.006709098815917969e-01
8.622919768095016479e-02,2.328757345676422119e-01
6.018512248992919922e-01,1.592640429735183716e-01
5.023857951164245605e-01,8.468549251556396484e-01
5.102121829986572266e-01,8.158545494079589844e-01
-3.484271168708801270e-01,-3.335949778556823730e-01
-3.719512522220611572e-01,-1.036900505423545837e-01
6.073305010795593262e-01,1.581020802259445190e-01
7.492688894271850586e-01,6.565212011337280273e-01
4.540847837924957275e-01,6.069949269294738770e-01
4.934852421283721924e-01,7.926632761955261230e-01
1.597653701901435852e-02,2.033946067094802856e-01
7.237247228622436523e-01,5.340625643730163574e-01
4.564686119556427002e-01,6.725071072578430176e-01
6.307951807975769043e-01,3.770918250083923340e-01
5.709984898567199707e-01,8.209516406059265137e-01
7.684338688850402832e-01,6.758043169975280762e-01
-1.255511539056897163e-03,1.409019976854324341e-01
3.350823819637298584e-01,-6.061136126518249512e-01
-8.171213418245315552e-02,1.694351583719253540e-01
4.588260352611541748e-01,5.010703951120376587e-02
5.067021846771240234e-01,-5.623136758804321289e-01
1.319567710161209106e-01,1.454046741127967834e-02
7.100408077239990234e-01,5.835179090499877930e-01
7.237503528594970703e-01,6.510455012321472168e-01
6.689878106117248535e-01,5.845572948455810547e-01
6.270420551300048828e-01,-4.468373656272888184e-01
-8.777889609336853027e-02,2.351692467927932739e-01
5.207988023757934570e-01,3.860472738742828369e-01
3.080990016460418701e-01,6.214541196823120117e-01
5.418942570686340332e-01,2.369564324617385864e-01
4.751997292041778564e-01,5.093049407005310059e-01
6.655542254447937012e-01,5.933870077133178711e-01
5.477355718612670898e-01,8.042016625404357910e-01
4.551303684711456299e-01,1.142923757433891296e-01
1.217253431677818298e-01,4.564302042126655579e-02
-5.145781040191650391e-01,-5.452681183815002441e-01
6.237249970436096191e-01,6.408801078796386719e-01
2.726169861853122711e-02,2.237101197242736816e-01
2.951872944831848145e-01,5.118319392204284668e-01
2.939903140068054199e-01,5.614817142486572266e-01
4.312913119792938232e-01,7.187611460685729980e-01
8.138889074325561523e-01,7.267959117889404297e-01
4.778727293014526367e-01,5.923829674720764160e-01
7.348907589912414551e-01,4.236692488193511963e-01
-6.022477746009826660e-01,-4.835350215435028076e-01
1.416153758764266968e-01,4.190434888005256653e-02
1.173538789153099060e-01,2.503582239151000977e-01
4.591551423072814941e-01,7.721637487411499023e-01
3.652905821800231934e-01,6.369217634201049805e-01
2.831389307975769043e-01,5.896577835083007812e-01
6.326900124549865723e-01,-4.392466843128204346e-01
2.238931059837341309e-01,6.849088519811630249e-02
4.826429784297943115e-01,8.144496679306030273e-01
4.700842201709747314e-01,7.281907796859741211e-01
4.595755934715270996e-01,5.402736067771911621e-01
7.196668982505798340e-01,5.867352485656738281e-01
6.887939572334289551e-01,2.676785886287689209e-01
8.062358498573303223e-01,6.572244167327880859e-01
1.174418181180953979e-01,4.271491989493370056e-02
6.625701189041137695e-01,6.502113938331604004e-01
1.255018264055252075e-01,5.310620367527008057e-02
-3.489912152290344238e-01,-5.229389667510986328e-01
4.461683332920074463e-01,6.297674775123596191e-01
6.775215864181518555e-01,-5.336753726005554199e-01
-1.442799568176269531e-01,1.477568149566650391e-01
-2.603926360607147217e-01,-2.829990908503532410e-02
6.961613893508911133e-01,5.577046871185302734e-01
4.008158743381500244e-01,-5.092226266860961914e-01
5.584990605711936951e-02,1.884607970714569092e-01
5.390002131462097168e-01,6.844426989555358887e-01
6.186581254005432129e-01,2.410275936126708984e-01
5.248442292213439941e-01,6.871060132980346680e-01
5.448361039161682129e-01,8.052891492843627930e-01
-4.080672860145568848e-01,-4.276626408100128174e-01
3.064375817775726318e-01,6.354026198387145996e-01
6.156385540962219238e-01,5.772877931594848633e-01
6.842150688171386719e-01,5.221405625343322754e-01
3.085786104202270508e-01,5.866099596023559570e-01
1.157833263278007507e-02,-1.021292135119438171e-01
4.631598293781280518e-01,7.438097596168518066e-01
5.195894241333007812e-01,4.902958869934082031e-01
1.689542382955551147e-01,1.865833438932895660e-02
-9.213288128376007080e-02,-3.634834289550781250e-02
2.872277200222015381e-01,5.944263339042663574e-01
7.268028259277343750e-01,6.971309185028076172e-01
2.353616803884506226e-01,5.123307704925537109e-01
7.728951573371887207e-01,7.057875990867614746e-01
4.860907793045043945e-01,-6.054250001907348633e-01
5.887843370437622070e-01,1.918444931507110596e-01
7.270648479461669922e-01,4.228116869926452637e-01
7.220576405525207520e-01,6.905918121337890625e-01
3.199106156826019287e-01,6.364793181419372559e-01
4.903670549392700195e-01,-5.726722478866577148e-01
6.989945173263549805e-01,4.988018572330474854e-01
4.761905670166015625e-01,6.964410543441772461e-01
5.544193983078002930e-01,1.820467859506607056e-01
3.198422193527221680e-01,5.496224164962768555e-01
6.551798433065414429e-02,-6.414648294448852539e-01
-8.137578517198562622e-02,-4.331029579043388367e-02
-3.115482032299041748e-01,-1.016807332634925842e-01
2.914887964725494385e-01,5.632909536361694336e-01
4.776187539100646973e-01,7.054131627082824707e-01
-4.761348068714141846e-01,-4.219364821910858154e-01
2.785347104072570801e-01,5.891107916831970215e-01
8.007206916809082031e-01,7.219063043594360352e-01
5.009298324584960938e-01,8.168852329254150391e-01
-1.874601691961288452e-01,-2.940134890377521515e-02
7.660443186759948730e-01,6.684307456016540527e-01
-3.284524083137512207e-01,-4.568825662136077881e-01
5.353125333786010742e-01,7.121125459671020508e-01
3.152331113815307617e-01,6.598387360572814941e-01
-6.566173434257507324e-01,7.104441523551940918e-01
6.884301900863647461e-01,3.679865598678588867e-01
4.826579093933105469e-01,6.922441124916076660e-01
1.653105169534683228e-01,-7.570189237594604492e-01
1.835355013608932495e-01,-8.493206501007080078e-01
6.242954134941101074e-01,1.031424626708030701e-01
-2.440361306071281433e-02,1.239100750535726547e-02
6.044170856475830078e-01,4.840834736824035645e-01
4.648055881261825562e-03,2.242236435413360596e-01
1.237315610051155090e-01,6.482374668121337891e-02
4.545840024948120117e-01,7.163556218147277832e-01
-3.486200869083404541e-01,-4.040572941303253174e-01
5.171549916267395020e-01,6.673762202262878418e-01
2.080065310001373291e-01,5.079153776168823242e-01
1.965495198965072632e-01,4.926148653030395508e-01
2.503253817558288574e-01,4.493427276611328125e-01
7.132359743118286133e-01,5.749483108520507812e-01
6.508631706237792969e-01,2.912872135639190674e-01
4.893386662006378174e-01,6.933062076568603516e-01
5.017369985580444336e-01,6.728483438491821289e-01
2.590508460998535156e-01,4.828458428382873535e-01
-3.871261179447174072e-01,-5.236295461654663086e-01
4.461968690156936646e-02,2.334957122802734375e-01
-2.668909132480621338e-01,-4.909377694129943848e-01
-4.098207056522369385e-01,-4.414629340171813965e-01
5.348946452140808105e-01,8.173790574073791504e-01
2.827829122543334961e-01,6.610066294670104980e-01
6.434008479118347168e-01,5.992044806480407715e-01
4.205022156238555908e-01,-6.688525676727294922e-01
6.133122444152832031e-01,1.473761945962905884e-01
2.359983623027801514e-01,5.131004452705383301e-01
8.149785399436950684e-01,7.382407188415527344e-01
5.882157683372497559e-01,1.670921593904495239e-01
3.711832761764526367e-01,5.895499587059020996e-01
1.059056296944618225e-01,2.205581776797771454e-02
2.085809111595153809e-01,4.396936595439910889e-01
6.889811158180236816e-01,1.741195917129516602e-01
5.627992749214172363e-01,-3.205054402351379395e-01
-3.487685024738311768e-01,-3.939943313598632812e-01
4.326729476451873779e-01,5.765424370765686035e-01
6.719968914985656738e-01,5.960416793823242188e-01
5.072747468948364258e-01,8.213233947753906250e-01
7.328511476516723633e-01,4.738000333309173584e-01
-1.869069486856460571e-01,1.369525939226150513e-01
6.663699746131896973e-01,-5.974376201629638672e-01
5.884348154067993164e-01,-4.014445245265960693e-01
-2.229342050850391388e-02,-7.539299130439758301e-01
4.825343191623687744e-01,3.948966562747955322e-01
5.473426580429077148e-01,2.772126495838165283e-01
7.810609340667724609e-01,7.091142535209655762e-01
-4.725819528102874756e-01,-5.403654575347900391e-01
-1.960311233997344971e-01,-3.674672544002532959e-02
4.509650766849517822e-01,4.556096717715263367e-02
7.305186986923217773e-01,4.183359742164611816e-01
3.117893040180206299e-01,6.367285847663879395e-01
7.138633728027343750e-01,6.918993592262268066e-01
4.658218920230865479e-01,8.054755926132202148e-01
4.887902736663818359e-01,5.889244079589843750e-01
6.233981251716613770e-01,4.489924311637878418e-01
6.324644684791564941e-01,5.442422032356262207e-01
5.384536981582641602e-01,2.022321224212646484e-01
6.838491559028625488e-01,6.348791122436523438e-01
-2.640686929225921631e-01,-2.487535122781991959e-03
-3.540246188640594482e-01,-7.514467835426330566e-02
7.964984178543090820e-01,7.756997346878051758e-01
-7.433745265007019043e-02,-1.559487171471118927e-02
5.391539931297302246e-01,1.781340986490249634e-01
2.301748609170317650e-03,2.003298997879028320e-01
6.335288882255554199e-01,5.470545291900634766e-01
6.669657230377197266e-01,5.636801123619079590e-01
5.237023830413818359e-01,8.163757920265197754e-01
4.785116910934448242e-01,8.428091406822204590e-01
2.760775089263916016e-01,5.010705590248107910e-01
4.668142497539520264e-01,7.138513922691345215e-01
2.235289365053176880e-01,5.140461921691894531e-01
2.702140510082244873e-01,5.365390181541442871e-01
6.071791648864746094e-01,-2.747013866901397705e-01
3.296546041965484619e-01,5.958273410797119141e-01
7.083736658096313477e-01,6.428300142288208008e-01
-3.979294300079345703e-01,-4.908332824707031250e-01
-4.523811042308807373e-01,-4.375569522380828857e-01
7.615135908126831055e-01,6.202288866043090820e-01
3.046964704990386963e-01,5.595653653144836426e-01
4.476046860218048096e-01,4.752110540866851807e-01
7.078349590301513672e-01,5.801135897636413574e-01
5.171403884887695312e-01,6.903569102287292480e-01
-2.949633002281188965e-01,-4.122628271579742432e-02
-1.526871882379055023e-02,1.460451483726501465e-01
5.382940173149108887e-01,5.105950832366943359e-01
6.341634392738342285e-01,-2.139636874198913574e-01
5.002964735031127930e-01,-5.487618446350097656e-01
-5.820818543434143066e-01,7.865213155746459961e-01
7.271428704261779785e-01,5.276095271110534668e-01
7.211569547653198242e-01,6.269109845161437988e-01
5.017287135124206543e-01,8.325487375259399414e-01
7.097839117050170898e-01,6.471167802810668945e-01
4.852567613124847412e-01,-4.271630644798278809e-01
5.629723072052001953e-01,2.166585922241210938e-01
4.071253240108489990e-01,7.597371190786361694e-02
5.014328360557556152e-01,8.314667344093322754e-01
-3.519805893301963806e-02,1.745633631944656372e-01
4.431993067264556885e-01,7.279779314994812012e-01
7.529282569885253906e-01,6.912723779678344727e-01
1.697244495153427124e-01,4.329852759838104248e-02
7.192242741584777832e-01,2.243675142526626587e-01
4.452695846557617188e-01,4.363864660263061523e-02
4.871695339679718018e-01,8.348149657249450684e-01
2.982363998889923096e-01,6.245241165161132812e-01
-2.169532477855682373e-01,-4.546114429831504822e-02
5.268680453300476074e-01,6.927168369293212891e-01
3.582364916801452637e-01,6.235379576683044434e-01
3.444934785366058350e-01,-6.529852151870727539e-01
6.654911637306213379e-01,4.027332067489624023e-01
-3.340157270431518555e-01,-1.817772723734378815e-02
4.128014743328094482e-01,-5.070483088493347168e-01
-1.701076179742813110e-01,-4.633474349975585938e-02
4.424844086170196533e-01,1.841770485043525696e-02
6.114660501480102539e-01,5.959333777427673340e-01
4.694620668888092041e-01,9.205655008554458618e-02
5.164052248001098633e-01,8.427653908729553223e-01
6.474054455757141113e-01,4.757736325263977051e-01
6.648622751235961914e-01,5.743786692619323730e-01
5.344080924987792969e-01,8.184241652488708496e-01
5.291095972061157227e-01,6.613793373107910156e-01
7.446248531341552734e-01,3.723267614841461182e-01
4.565618038177490234e-01,4.798558354377746582e-02
3.938695788383483887e-01,-6.998506784439086914e-01
5.558818578720092773e-02,2.065449804067611694e-01
6.297563910484313965e-01,1.751294881105422974e-01
5.156026482582092285e-01,7.660295963287353516e-01
-3.358467519283294678e-01,-4.790093898773193359e-01
2.152089625597000122e-01,4.786445796489715576e-01
-2.659386582672595978e-02,2.944445936009287834e-03
7.432404756546020508e-01,6.950872540473937988e-01
6.028804779052734375e-01,-3.092477321624755859e-01
3.291911184787750244e-01,6.145206093788146973e-01
6.433265805244445801e-01,6.074143052101135254e-01
-4.161952733993530273e-01,6.819872260093688965e-01
5.212082862854003906e-01,8.519861698150634766e-01
4.423409700393676758e-01,7.180494666099548340e-01
6.997288465499877930e-01,4.709852933883666992e-01
6.547535061836242676e-01,5.281071066856384277e-01
2.567514181137084961e-01,5.607245564460754395e-01
6.926356554031372070e-01,5.362202525138854980e-01
3.084973990917205811e-01,5.519155263900756836e-01
2.886890470981597900e-01,5.005387663841247559e-01
7.387225031852722168e-01,6.389248967170715332e-01
-5.042575672268867493e-02,2.106816470623016357e-01
2.055368423461914062e-01,5.376696586608886719e-02
6.518589854240417480e-01,1.118662431836128235e-01
-5.981292128562927246e-01,-5.275936722755432129e-01
1.318552196025848389e-01,-6.845871806144714355e-01
5.726443529129028320e-01,-1.883484870195388794e-01
6.881942152976989746e-01,-4.651209712028503418e-01
-7.420032052323222160e-04,2.271058261394500732e-01
2.672014534473419189e-01,4.658272564411163330e-01
-3.599398732185363770e-01,-7.428929209709167480e-02
6.694269180297851562e-01,3.963511288166046143e-01
5.465309619903564453e-01,2.227076292037963867e-01
6.570724248886108398e-01,3.995582759380340576e-01
4.996664524078369141e-01,6.929624676704406738e-01
7.513366341590881348e-01,7.001792788505554199e-01
-2.052317000925540924e-02,2.074036598205566406e-01
-2.746975123882293701e-01,-5.443363189697265625e-01
4.694537520408630371e-01,6.776676177978515625e-01
6.678308844566345215e-01,6.606766581535339355e-01
4.716777503490447998e-01,3.560903668403625488e-01
5.209271311759948730e-01,6.968804001808166504e-01
4.961027204990386963e-01,8.618950843811035156e-01
6.868305206298828125e-01,4.034696817398071289e-01
5.043287873268127441e-01,7.078695297241210938e-01
7.032799124717712402e-01,2.111158668994903564e-01
5.799161791801452637e-01,2.373325824737548828e-01
4.615690112113952637e-01,8.418761491775512695e-01
6.041357517242431641e-01,-3.969853818416595459e-01
-1.109263747930526733e-01,-3.960219323635101318e-01
3.605263531208038330e-01,6.000764966011047363e-01
5.400713086128234863e-01,8.288906216621398926e-01
4.839231073856353760e-01,6.863798499107360840e-01
4.627157449722290039e-01,6.836716085672378540e-02
4.850429594516754150e-01,6.922972202301025391e-01
-1.381477564573287964e-01,-6.495122611522674561e-02
4.849026203155517578e-01,7.073159217834472656e-01
4.513053894042968750e-01,6.801092624664306641e-01
6.602455377578735352e-01,3.833088278770446777e-01
6.612634062767028809e-01,5.904538631439208984e-01
7.206583023071289062e-01,6.503811478614807129e-01
7.136527895927429199e-01,5.770884156227111816e-01
3.940986096858978271e-01,6.336781382560729980e-01
2.348135113716125488e-01,5.164594054222106934e-01
7.968927621841430664e-01,4.693255424499511719e-01
4.188242182135581970e-02,2.018924355506896973e-01
7.713608741760253906e-01,4.163681566715240479e-01
-1.917874068021774292e-01,-1.658743433654308319e-02
5.149555802345275879e-01,7.795373201370239258e-01
6.264812946319580078e-01,5.853200554847717285e-01
5.267473459243774414e-01,-4.833074510097503662e-01
2.339266985654830933e-02,1.768095791339874268e-01
4.188214838504791260e-01,3.156094625592231750e-02
8.185915946960449219e-01,7.556595206260681152e-01
4.843922853469848633e-01,-2.275841310620307922e-02
6.289749145507812500e-01,4.765230715274810791e-01
2.612079977989196777e-01,4.999850690364837646e-01
6.083804965019226074e-01,6.071266531944274902e-01
5.250965952873229980e-01,6.912143826484680176e-01
4.790905714035034180e-01,6.399754285812377930e-01
3.315995633602142334e-01,6.511786580085754395e-01
4.914339184761047363e-01,8.306011557579040527e-01
1.403390318155288696e-01,2.060214132070541382e-01
3.263420164585113525e-01,8.142543584108352661e-02
5.611003041267395020e-01,8.144357800483703613e-01
6.844991445541381836e-01,5.410066843032836914e-01
8.784300833940505981e-02,2.211500853300094604e-01
5.226761102676391602e-01,4.669042304158210754e-02
6.573790907859802246e-01,5.146436691284179688e-01
4.197646975517272949e-01,6.228201985359191895e-01
5.153539180755615234e-01,8.012879490852355957e-01
1.054639220237731934e-01,2.306341975927352905e-01
-9.192737191915512085e-02,-2.517941221594810486e-02
2.017705291509628296e-01,2.400305122137069702e-02
6.583520770072937012e-01,6.591374874114990234e-01
4.389180615544319153e-02,1.393630355596542358e-01
6.633251905441284180e-01,6.295278668403625488e-01
5.485985875129699707e-01,2.365688532590866089e-01
2.425587922334671021e-01,4.832107126712799072e-01
5.109043121337890625e-01,7.952539920806884766e-01
5.475394129753112793e-01,-3.155434429645538330e-01
4.439418315887451172e-01,5.470464229583740234e-01
4.649021625518798828e-01,7.257634997367858887e-01
5.665117502212524414e-01,6.572976708412170410e-01
7.131714820861816406e-01,6.708729267120361328e-01
2.509416043758392334e-01,5.849981904029846191e-01
3.236935138702392578e-01,5.001264810562133789e-01
3.386258482933044434e-01,6.279125213623046875e-01
-1.833857595920562744e-02,2.562964260578155518e-01
4.969924390316009521e-01,8.005383014678955078e-01
-2.445741146802902222e-01,-2.348618395626544952e-02
3.228299021720886230e-01,6.055587530136108398e-01
4.276430308818817139e-01,7.482541799545288086e-01
5.352760553359985352e-01,8.250969648361206055e-01
3.222463428974151611e-01,6.476594805717468262e-01
6.692264080047607422e-01,4.518238306045532227e-01
6.324660778045654297e-02,1.917919516563415527e-01
6.350637674331665039e-01,-5.843961238861083984e-01
5.467582941055297852e-01,2.394430488348007202e-01
1.065986901521682739e-01,3.850053623318672180e-02
2.975327670574188232e-01,5.803953409194946289e-01
-1.475390978157520294e-02,2.914025261998176575e-02
4.753881394863128662e-01,7.253865599632263184e-01
7.033392786979675293e-01,4.308085739612579346e-01
6.594094038009643555e-01,1.523551493883132935e-01
3.791779279708862305e-01,6.333645582199096680e-01
-1.056850999593734741e-01,-1.906123757362365723e-02
5.524643659591674805e-01,-4.878221452236175537e-01
6.395132541656494141e-01,-3.918938040733337402e-01
5.803160369396209717e-02,1.916453540325164795e-01
3.658367395401000977e-01,6.387014389038085938e-01
1.139273867011070251e-01,-7.070123553276062012e-01
-5.004298090934753418e-01,7.653725147247314453e-01
4.014064371585845947e-01,-4.824513196945190430e-01
6.296339631080627441e-01,2.439959347248077393e-01
4.152954220771789551e-01,-2.794205769896507263e-02
4.930944442749023438e-01,3.391476348042488098e-03
6.601372361183166504e-01,5.299230217933654785e-01
5.010207891464233398e-01,7.231630682945251465e-01
6.306853890419006348e-01,4.339160621166229248e-01
4.014252126216888428e-01,-5.997311472892761230e-01
6.260859966278076172e-01,6.047118306159973145e-01
6.752096414566040039e-01,5.767306089401245117e-01
-3.531036376953125000e-01,-4.765113592147827148e-01
5.353158712387084961e-01,1.736874729394912720e-01
6.385344266891479492e-01,5.113981366157531738e-01
8.207623958587646484e-01,3.972408175468444824e-01
6.643502712249755859e-01,4.977974593639373779e-01
4.338660538196563721e-01,7.158791422843933105e-01
6.599919199943542480e-01,4.525869190692901611e-01
-4.145132303237915039e-01,-4.781644940376281738e-01
3.470661640167236328e-01,6.410360336303710938e-01
8.048739433288574219e-01,4.201398491859436035e-01
3.618212938308715820e-01,6.703849434852600098e-01
4.517607688903808594e-01,6.760483384132385254e-01
7.699268460273742676e-01,4.681838154792785645e-01
-3.579213619232177734e-01,-1.516266493126749992e-03
4.528712034225463867e-01,1.115503683686256409e-01
4.645850956439971924e-01,7.125834226608276367e-01
4.419196546077728271e-01,1.741714403033256531e-02
4.886389076709747314e-01,5.899943113327026367e-01
4.596136212348937988e-01,5.140418410301208496e-01
6.724144220352172852e-01,7.029726505279541016e-01
5.446817278861999512e-01,2.839894592761993408e-01
6.578182578086853027e-01,5.256042480468750000e-01
-4.904780089855194092e-01,-8.738170564174652100e-02
5.646745562553405762e-01,6.400076746940612793e-01
6.613947916775941849e-03,1.777351051568984985e-01
4.878986775875091553e-01,7.188040614128112793e-01
2.660071849822998047e-01,4.930941760540008545e-01
7.001912593841552734e-01,4.936711788177490234e-01
5.316737294197082520e-01,8.279433250427246094e-01
2.968189418315887451e-01,5.797278881072998047e-01
6.721624135971069336e-01,6.248982548713684082e-01
3.418034911155700684e-01,6.473944783210754395e-01
-2.090170830488204956e-01,-1.414779759943485260e-02
4.882841408252716064e-01,8.635855317115783691e-01
7.203257083892822266e-01,5.871181488037109375e-01
6.961911320686340332e-01,5.309884548187255859e-01
-1.658242940902709961e-02,-5.005721747875213623e-02
1.411276310682296753e-01,2.165945805609226227e-02
6.403989195823669434e-01,6.098741888999938965e-01
2.889203727245330811e-01,5.935567617416381836e-01
5.782264471054077148e-01,-2.737170457839965820e-01
-2.872747182846069336e-01,-3.116005472838878632e-02
3.665404319763183594e-01,6.032314896583557129e-01
7.118877172470092773e-01,4.935415685176849365e-01
6.969820261001586914e-01,5.952978134155273438e-01
5.029414296150207520e-01,8.018801808357238770e-01
-9.779641032218933105e-02,-7.097132503986358643e-02
6.830956935882568359e-01,6.463561654090881348e-01
6.370462775230407715e-01,4.734310209751129150e-01
8.044202923774719238e-01,6.877340674400329590e-01
4.837386310100555420e-01,7.288597822189331055e-01
5.778341293334960938e-01,-2.336587607860565186e-01
4.413097798824310303e-01,7.341739535331726074e-01
-1.219463944435119629e-01,-2.540071681141853333e-02
1.171485632658004761e-01,1.085484586656093597e-02
-3.677884936332702637e-01,-5.364199355244636536e-02
4.504904150962829590e-01,7.195248007774353027e-01
-3.899583593010902405e-02,1.733130365610122681e-01
3.095003664493560791e-01,5.325063467025756836e-01
1.311421692371368408e-01,2.056438028812408447e-01
5.370169878005981445e-01,6.626613140106201172e-01
4.891797602176666260e-01,8.264732956886291504e-01
2.313271313905715942e-01,4.721348583698272705e-01
7.766029238700866699e-01,3.273719549179077148e-01
4.189658463001251221e-01,6.476774811744689941e-01
6.780110597610473633e-01,6.685398817062377930e-01
-4.025697112083435059e-01,-3.932289481163024902e-01
5.721245408058166504e-01,8.259009718894958496e-01
6.239928007125854492e-01,6.318569183349609375e-01
2.712459564208984375e-01,5.730548501014709473e-01
4.498737156391143799e-01,7.069814205169677734e-01
5.041788816452026367e-01,7.911558151245117188e-01
-9.347672015428543091e-02,1.641942560672760010e-01
2.926421165466308594e-01,5.591830611228942871e-01
1.448937952518463135e-01,5.904407426714897156e-02
6.773927211761474609e-01,3.303732872009277344e-01
5.395759940147399902e-01,8.678730726242065430e-01
6.600776314735412598e-01,1.980255693197250366e-01
4.532386660575866699e-01,7.113208770751953125e-01
-3.374055325984954834e-01,-4.272608458995819092e-01
4.845003485679626465e-01,7.297385931015014648e-01
3.347145020961761475e-01,6.548433303833007812e-01
6.955100297927856445e-01,4.989737570285797119e-01
4.453578889369964600e-01,7.395047545433044434e-01
5.459187030792236328e-01,2.531674206256866455e-01
4.279081225395202637e-01,5.781623125076293945e-01
-2.262302190065383911e-01,-1.074664667248725891e-02
5.571677684783935547e-01,-2.168650478124618530e-01
3.029481172561645508e-01,6.042096018791198730e-01
4.912224709987640381e-01,-1.953184977173805237e-02
4.890163540840148926e-01,8.605203628540039062e-01
7.171240448951721191e-01,3.666638731956481934e-01
6.593384146690368652e-01,5.804839134216308594e-01
6.550262570381164551e-01,5.617453455924987793e-01
6.021739244461059570e-01,2.244705259799957275e-01
4.867154061794281006e-01,5.323692560195922852e-01
3.164040446281433105e-01,6.671347618103027344e-01
3.486779034137725830e-01,6.657301187515258789e-01
7.045533061027526855e-01,3.965364396572113037e-01
5.136975646018981934e-01,8.026050329208374023e-01
4.681410491466522217e-01,6.064276099205017090e-01
4.936232566833496094e-01,3.627583757042884827e-02
7.431582212448120117e-01,6.442410945892333984e-01
-3.684165775775909424e-01,-4.327573776245117188e-01
4.606957733631134033e-01,-3.814447820186614990e-01
4.365802407264709473e-01,3.521884977817535400e-02
7.180722951889038086e-01,4.505667388439178467e-01
2.388810813426971436e-01,5.532984733581542969e-01
1.468863934278488159e-01,-8.242092132568359375e-01
6.819254159927368164e-01,6.534065604209899902e-01
5.165286660194396973e-01,5.086677074432373047e-01
4.823325574398040771e-01,-4.199153184890747070e-01
-3.008356392383575439e-01,-4.814938902854919434e-01
6.811888813972473145e-01,6.455368995666503906e-01
3.528943061828613281e-01,6.481127738952636719e-01
7.557610869407653809e-01,6.317014694213867188e-01
4.834677278995513916e-01,-5.127484202384948730e-01
5.530223846435546875e-01,8.213272094726562500e-01
-2.462196052074432373e-01,-1.017495244741439819e-01
7.765709757804870605e-01,7.187479734420776367e-01
5.569121241569519043e-01,8.238090276718139648e-01
5.697319507598876953e-01,1.696239411830902100e-01
7.043020725250244141e-01,6.212711334228515625e-01
6.518412232398986816e-01,6.841366291046142578e-01
1.550574004650115967e-01,5.104834586381912231e-02
7.129546403884887695e-01,4.066261649131774902e-01
5.668138265609741211e-01,2.484798580408096313e-01
6.409944295883178711e-01,5.806378126144409180e-01
3.737522959709167480e-01,5.990242958068847656e-01
7.802064418792724609e-01,7.216148972511291504e-01
5.063983201980590820e-01,8.018410205841064453e-01
4.699198305606842041e-01,-5.491333603858947754e-01
2.022597789764404297e-01,-8.315223455429077148e-01
7.187052369117736816e-01,2.989433407783508301e-01
5.099514722824096680e-01,8.474761247634887695e-01
4.478414356708526611e-01,9.179322421550750732e-02
4.852422773838043213e-01,3.521687984466552734e-01
5.139697790145874023e-01,7.155301570892333984e-01
-9.421800263226032257e-03,-7.951773405075073242e-01
5.358587503433227539e-01,1.513037979602813721e-01
5.614414811134338379e-01,-3.734962046146392822e-01
7.743299603462219238e-01,4.927295148372650146e-01
4.952047467231750488e-01,7.881260514259338379e-01
4.603218436241149902e-01,7.560745477676391602e-01
3.367615938186645508e-01,5.934861302375793457e-01
-2.535272836685180664e-01,-1.620994135737419128e-02
3.742994368076324463e-01,-5.887396335601806641e-01
5.367127060890197754e-01,-4.003744721412658691e-01
3.000767230987548828e-01,5.904499888420104980e-01
4.683046638965606689e-01,6.803085803985595703e-01
4.898716807365417480e-01,-5.044579505920410156e-01
7.018651366233825684e-01,6.179872155189514160e-01
6.935362815856933594e-01,5.479716658592224121e-01
2.901730537414550781e-01,6.390704512596130371e-01
2.891980707645416260e-01,5.155631899833679199e-01
3.087657690048217773e-01,5.957165956497192383e-01
5.334080457687377930e-01,-5.627743005752563477e-01
-6.114439666271209717e-02,8.902724087238311768e-02
4.822808206081390381e-01,7.222990989685058594e-01
5.136414170265197754e-01,4.846243858337402344e-01
1.363198179751634598e-02,2.276827394962310791e-01
1.766507029533386230e-01,6.073463708162307739e-02
6.553189158439636230e-01,5.218603610992431641e-01
2.943804562091827393e-01,5.305604934692382812e-01
4.461903125047683716e-02,2.181332558393478394e-01
6.553863883018493652e-01,3.953995704650878906e-01
7.089902162551879883e-01,6.214183568954467773e-01
5.167601108551025391e-01,2.756002247333526611e-01
-3.792672753334045410e-01,-3.599600121378898621e-02
4.947455525398254395e-01,6.897988915443420410e-01
3.015070408582687378e-02,-6.611203551292419434e-01
4.503196179866790771e-01,6.987466812133789062e-01
5.702524781227111816e-01,1.927923560142517090e-01
4.685874581336975098e-01,3.517795205116271973e-01
5.953824520111083984e-01,2.126364558935165405e-01
3.028100430965423584e-01,5.600908398628234863e-01
5.480768084526062012e-01,-2.641736567020416260e-01
2.770131230354309082e-01,5.948767066001892090e-01
4.213791787624359131e-01,6.480419039726257324e-01
7.132415175437927246e-01,6.838579773902893066e-01
7.237025499343872070e-01,7.176575660705566406e-01
7.523232698440551758e-01,6.699086427688598633e-01
5.308607593178749084e-02,2.426399849355220795e-02
2.602481842041015625e-01,4.792382121086120605e-01
4.834914803504943848e-01,6.582445502281188965e-01
1.307591497898101807e-01,2.012066170573234558e-02
1.590976268053054810e-01,4.579020291566848755e-02
6.951304674148559570e-01,4.540301263332366943e-01
-1.837898939847946167e-01,-7.104568183422088623e-02
7.181697487831115723e-01,5.255194902420043945e-01
4.934456944465637207e-01,3.867829740047454834e-01
4.462591111660003662e-01,6.883032917976379395e-01
5.286312699317932129e-01,7.941317558288574219e-01
5.130829215049743652e-01,-3.920715153217315674e-01
7.357542514801025391e-01,6.014131903648376465e-01
-3.695049285888671875e-01,-7.645130157470703125e-02
7.358421683311462402e-01,6.017243266105651855e-01
5.966948866844177246e-01,1.630682200193405151e-01
6.887120008468627930e-01,6.645618081092834473e-01
5.447024106979370117e-01,3.044379949569702148e-01
6.875227689743041992e-01,4.833395779132843018e-01
5.130925774574279785e-01,-4.702235460281372070e-01
8.239943385124206543e-01,7.719905376434326172e-01
6.941968202590942383e-01,6.103100776672363281e-01
5.311504006385803223e-01,3.970587849617004395e-01
-6.424077749252319336e-01,7.514438033103942871e-01
6.557739377021789551e-01,5.972245335578918457e-01
3.157566189765930176e-01,5.116519927978515625e-01
7.491610646247863770e-01,4.428537189960479736e-01
-2.237163931131362915e-01,-2.274058908224105835e-01
6.524013876914978027e-01,6.428084373474121094e-01
6.116909384727478027e-01,1.117658317089080811e-01
4.646038413047790527e-01,7.144957184791564941e-01
7.289736270904541016e-01,4.643801748752593994e-01
5.020576715469360352e-01,7.897256016731262207e-01
7.019039988517761230e-01,2.550511658191680908e-01
6.765996217727661133e-01,6.154485344886779785e-01
6.630818247795104980e-01,-3.440389037132263184e-01
-6.353779435157775879e-01,7.343596220016479492e-01
2.590223252773284912e-01,5.263141393661499023e-01
-3.718532621860504150e-01,-4.109129309654235840e-01
5.105559229850769043e-01,8.003317713737487793e-01
5.907037854194641113e-01,1.576592773199081421e-01
5.281279683113098145e-01,2.061716020107269287e-01
-5.948924422264099121e-01,7.072265744209289551e-01
7.805076986551284790e-02,2.001371532678604126e-01
4.686609804630279541e-01,5.613667368888854980e-01
-2.840048670768737793e-01,-2.110165311023592949e-03
6.255109906196594238e-01,5.263632535934448242e-01
3.392211198806762695e-01,5.838864445686340332e-01
4.465029239654541016e-01,-5.849109888076782227e-01
2.586338818073272705e-01,5.508058667182922363e-01
5.863468050956726074e-01,-3.192681670188903809e-01
6.391277909278869629e-01,6.004205942153930664e-01
7.756455987691879272e-02,2.118155807256698608e-01
2.893939018249511719e-01,5.997065901756286621e-01
2.986806035041809082e-01,5.616521239280700684e-01
5.510455369949340820e-01,7.936146259307861328e-01
5.206643342971801758e-01,7.167107462882995605e-01
6.958304643630981445e-01,6.561831831932067871e-01
3.136889040470123291e-01,5.581436753273010254e-01
6.592366099357604980e-01,6.302256584167480469e-01
6.337664127349853516e-01,5.953292846679687500e-01
7.468813657760620117e-01,3.539264798164367676e-01
5.478828549385070801e-01,2.506354153156280518e-01
-1.335039585828781128e-01,-7.772346735000610352e-01
-3.325484991073608398e-01,-9.571202099323272705e-02
5.115691423416137695e-01,8.130936026573181152e-01
6.137143969535827637e-01,2.065755426883697510e-01
4.740191102027893066e-01,8.286581635475158691e-01
6.696692109107971191e-01,5.106018185615539551e-01
6.223210692405700684e-02,2.160064131021499634e-01
4.812378585338592529e-01,7.114712595939636230e-01
-2.347971647977828979e-01,-7.584207504987716675e-02
2.885022759437561035e-01,5.230621099472045898e-01
7.722224295139312744e-02,4.178410023450851440e-02
1.367549151182174683e-01,3.680492565035820007e-02
9.737655520439147949e-02,2.084105312824249268e-01
2.427421212196350098e-01,5.779480338096618652e-01
6.667469143867492676e-01,6.542754769325256348e-01
9.457124024629592896e-02,1.705316305160522461e-01
6.121509075164794922e-01,1.843878030776977539e-01
3.428020179271697998e-01,6.236661076545715332e-01
6.809940934181213379e-01,6.850337386131286621e-01
5.375136733055114746e-01,7.929102778434753418e-01
4.584140181541442871e-01,-5.415312051773071289e-01
6.625593304634094238e-01,4.883263111114501953e-01
5.066614151000976562e-01,6.958763003349304199e-01
2.844463884830474854e-01,5.478937625885009766e-01
5.441649556159973145e-01,-3.317202329635620117e-01
6.922397613525390625e-01,4.709633290767669678e-01
4.823344647884368896e-01,6.966389417648315430e-01
-2.808927893638610840e-01,-4.365439713001251221e-01
6.208120584487915039e-01,1.901269108057022095e-01
6.236182451248168945e-01,2.098334878683090210e-01
4.462369084358215332e-01,6.966514587402343750e-01
3.259162306785583496e-01,6.321493387222290039e-01
5.859279036521911621e-01,1.606980711221694946e-01
5.614768266677856445e-01,2.376727908849716187e-01
6.891971230506896973e-01,6.592481136322021484e-01
5.297889113426208496e-01,-4.048719108104705811e-01
-3.888897970318794250e-02,1.432425528764724731e-01
6.218819022178649902e-01,1.883314847946166992e-01
6.816263794898986816e-01,4.585556983947753906e-01
2.490105628967285156e-01,5.193554759025573730e-01
3.042103052139282227e-01,6.482107639312744141e-01
8.164859414100646973e-01,4.280445873737335205e-01
4.606252312660217285e-01,8.168873190879821777e-01
1.332249939441680908e-01,4.737590625882148743e-02
3.541513085365295410e-01,6.130663752555847168e-01
6.171156093478202820e-02,1.687003076076507568e-01
-3.137198090553283691e-01,1.020778995007276535e-02
6.991139799356460571e-02,2.857722109183669090e-03
4.095165729522705078e-01,7.557854652404785156e-01
-9.837760031223297119e-02,8.875569328665733337e-03
5.898335576057434082e-01,1.879334449768066406e-01
2.058975771069526672e-02,2.139996886253356934e-01
2.451396584510803223e-01,4.534941315650939941e-01
5.562639832496643066e-01,8.918491005897521973e-01
9.146914631128311157e-02,3.339492157101631165e-02
3.244840204715728760e-01,6.164234280586242676e-01
6.939030885696411133e-01,4.427227079868316650e-01
6.708088517189025879e-01,5.470060110092163086e-01
4.844187498092651367e-01,3.725025057792663574e-01
6.753816008567810059e-01,3.866525888442993164e-01
6.133695244789123535e-01,-3.501741588115692139e-01
5.824341773986816406e-01,-5.023358464241027832e-01
6.859871149063110352e-01,5.120884180068969727e-01
2.768996059894561768e-01,-7.806225419044494629e-01
1.004262119531631470e-01,2.136081308126449585e-01
5.727996230125427246e-01,2.197050303220748901e-01
3.797699809074401855e-01,-4.535258412361145020e-01
5.266175270080566406e-01,2.405274063348770142e-01
3.761653974652290344e-02,1.495854556560516357e-01
-4.250773787498474121e-01,-8.411049097776412964e-02
2.948059737682342529e-01,-7.698623538017272949e-01
4.650993049144744873e-01,7.467020153999328613e-01
6.970630288124084473e-01,5.710111856460571289e-01
3.502266407012939453e-01,6.529253721237182617e-01
4.659677743911743164e-01,7.517210394144058228e-02
2.998741567134857178e-01,6.132798790931701660e-01
-3.306591808795928955e-01,-4.371193647384643555e-01
6.473401784896850586e-01,5.991786122322082520e-01
2.834923565387725830e-01,6.034632921218872070e-01
4.989092051982879639e-01,7.473621368408203125e-01
4.248700290918350220e-02,1.315495520830154419e-01
-3.636363148689270020e-01,-5.008804798126220703e-01
4.770313799381256104e-01,2.580341994762420654e-01
6.944018602371215820e-01,6.491674780845642090e-01
7.346490770578384399e-02,2.384161800146102905e-01
6.822971105575561523e-01,6.525432467460632324e-01
3.829581439495086670e-01,5.905234813690185547e-01
6.491419672966003418e-01,5.169672369956970215e-01
6.877645254135131836e-01,6.585966944694519043e-01
2.818149924278259277e-01,5.635139346122741699e-01
2.874658107757568359e-01,8.893162757158279419e-02
-3.304270803928375244e-01,-4.040612578392028809e-01
4.720671772956848145e-01,-4.939138307236135006e-04
-7.886413484811782837e-02,1.980017721652984619e-01
-3.170381188392639160e-01,-7.438272237777709961e-02
-3.404730856418609619e-01,-4.092864096164703369e-01
2.763439118862152100e-01,5.022959709167480469e-01
2.730511724948883057e-01,6.156255602836608887e-01
4.812720119953155518e-01,3.550537824630737305e-01
6.887924671173095703e-01,5.874509811401367188e-01
8.748499304056167603e-02,1.033279765397310257e-02
6.421183943748474121e-01,1.138834878802299500e-01
4.984551072120666504e-01,8.070457577705383301e-01
1.088368147611618042e-01,-6.677841302007436752e-03
3.186448216438293457e-01,6.331483125686645508e-01
7.911926507949829102e-01,5.073423981666564941e-01
4.990532696247100830e-01,8.145718020386993885e-04
5.266029834747314453e-01,8.228215575218200684e-01
7.001512050628662109e-01,4.591133296489715576e-01
4.543309509754180908e-01,6.160995960235595703e-01
7.004079222679138184e-01,5.970470309257507324e-01
-3.370764255523681641e-01,-1.714801974594593048e-02
6.980512142181396484e-01,4.767661988735198975e-01
6.810241341590881348e-01,5.761836171150207520e-01
3.551189899444580078e-01,6.073506474494934082e-01
-3.235307037830352783e-01,-7.230787305161356926e-04
6.422858238220214844e-01,1.049106344580650330e-01
6.576337814331054688e-01,6.088202595710754395e-01
5.210660696029663086e-01,8.291608691215515137e-01
-1.462808102369308472e-01,1.345715224742889404e-01
-9.808360785245895386e-02,1.824669539928436279e-01
1.691359281539916992e-01,3.083614632487297058e-02
3.330949246883392334e-01,5.950978994369506836e-01
3.355439007282257080e-01,5.963798165321350098e-01
5.720769762992858887e-01,-2.580633163452148438e-01
-2.639324665069580078e-01,-2.941643074154853821e-02
1.190552115440368652e-01,1.869994252920150757e-01
4.989678859710693359e-01,6.129964590072631836e-01
4.851596653461456299e-01,-1.608876977115869522e-03
3.482687771320343018e-01,5.752447247505187988e-01
7.128648161888122559e-01,6.917885541915893555e-01
-9.371691942214965820e-02,-4.262992739677429199e-02
4.633097350597381592e-01,7.301048040390014648e-01
4.754936397075653076e-01,4.293109476566314697e-02
3.498267829418182373e-01,6.891486048698425293e-01
-5.009248256683349609e-01,-5.396630167961120605e-01
5.334683656692504883e-01,6.490494608879089355e-01
6.774821877479553223e-01,4.964213073253631592e-01
2.637949883937835693e-01,-5.553980469703674316e-01
6.123531460762023926e-01,-4.673526585102081299e-01
5.543652772903442383e-01,5.100350975990295410e-01
-1.044427677989006042e-01,-8.517283201217651367e-02
-4.077892899513244629e-01,-4.031246900558471680e-02
3.765783309936523438e-01,1.027596145868301392e-01
4.687825143337249756e-01,7.296891212463378906e-01
-1.681849807500839233e-01,3.196690464392304420e-03
7.618582844734191895e-01,3.821047842502593994e-01
4.910948872566223145e-01,7.412405610084533691e-01
5.311691164970397949e-01,1.950665414333343506e-01
4.838254153728485107e-01,6.987175941467285156e-01
7.630554437637329102e-01,4.976281523704528809e-01
6.612827181816101074e-01,5.770505070686340332e-01
6.505120992660522461e-01,2.101967334747314453e-01
5.311426520347595215e-01,6.441758275032043457e-01
5.997576117515563965e-01,8.602904677391052246e-01
5.072378516197204590e-01,-4.433409869670867920e-01
-1.095525771379470825e-01,-8.189235329627990723e-01
4.986983239650726318e-01,8.681049346923828125e-01
6.994744539260864258e-01,7.139219045639038086e-01
4.909219741821289062e-01,5.234830379486083984e-01
3.430270254611968994e-01,6.349876523017883301e-01
6.006574630737304688e-01,-2.660767734050750732e-01
6.398674845695495605e-01,6.518532633781433105e-01
1.469026058912277222e-01,3.867872804403305054e-02
7.931546568870544434e-01,5.198067426681518555e-01
4.312275350093841553e-01,5.600437894463539124e-02
4.972078502178192139e-01,7.015071511268615723e-01
9.494470059871673584e-02,-1.695748977363109589e-02
2.205832302570343018e-01,4.965165853500366211e-01
-1.163841187953948975e-01,1.801349669694900513e-01
6.594307422637939453e-01,4.406108856201171875e-01
7.328848242759704590e-01,3.921954333782196045e-01
7.981229424476623535e-01,4.650018215179443359e-01
6.913754940032958984e-01,6.499761343002319336e-01
2.167693376541137695e-01,-7.347599864006042480e-01
6.853771209716796875e-01,5.749889016151428223e-01
6.239747628569602966e-02,2.123012989759445190e-01
1.567068248987197876e-01,2.510274946689605713e-02
1.595769524574279785e-01,5.121905356645584106e-02
6.030400395393371582e-01,1.875762343406677246e-01
5.421932935714721680e-01,2.376123070716857910e-01
3.613049089908599854e-01,5.465459227561950684e-01
6.930742263793945312e-01,6.207544803619384766e-01
1.854056566953659058e-01,5.086119771003723145e-01
5.239089727401733398e-01,8.082574009895324707e-01
3.456967473030090332e-01,6.485734581947326660e-01
-3.157089054584503174e-01,-3.969696164131164551e-01
3.488434851169586182e-01,6.555081009864807129e-01
4.267270565032958984e-01,7.385901808738708496e-01
1.173181980848312378e-01,2.306572161614894867e-02
7.593098282814025879e-01,4.977171719074249268e-01
4.595530927181243896e-01,6.081909537315368652e-01
5.088702440261840820e-01,2.406325042247772217e-01
2.809300422668457031e-01,6.410880684852600098e-01
-8.397257328033447266e-02,-7.364106923341751099e-02
5.269451141357421875e-01,7.180398702621459961e-01
4.533001482486724854e-01,8.315430879592895508e-01
5.988318324089050293e-01,6.960193514823913574e-01
6.931558847427368164e-01,6.393297314643859863e-01
2.598290145397186279e-01,5.073265433311462402e-01
2.954649627208709717e-01,6.203071475028991699e-01
-3.929050564765930176e-01,3.092885017395019531e-04
3.525379672646522522e-02,1.837517768144607544e-01
5.045605301856994629e-01,6.840261220932006836e-01
-1.332055032253265381e-01,1.372475326061248779e-01
4.984377026557922363e-01,8.119961619377136230e-01
-4.757313802838325500e-02,-8.250640630722045898e-01
8.151873946189880371e-01,4.378021657466888428e-01
5.733616352081298828e-01,-5.102500319480895996e-01
6.700964570045471191e-01,5.879481434822082520e-01
4.515168070793151855e-01,3.288904950022697449e-02
-1.391820460557937622e-01,1.477206647396087646e-01
2.388891428709030151e-01,-7.005441188812255859e-01
5.766859650611877441e-01,2.010223567485809326e-01
1.054906845092773438e-01,2.572520673274993896e-01
-2.785213887691497803e-01,-8.386284112930297852e-01
6.208926439285278320e-01,5.646296739578247070e-01
2.722729742527008057e-01,5.892888903617858887e-01
7.802149280905723572e-03,2.532982826232910156e-01
-3.771185576915740967e-01,-3.584286943078041077e-02
-2.895158529281616211e-01,-3.624438308179378510e-03
1.911816149950027466e-01,5.854227393865585327e-02
5.334991812705993652e-01,8.483421206474304199e-01
6.439359188079833984e-01,5.684928894042968750e-01
6.044124364852905273e-01,2.232343554496765137e-01
5.466066002845764160e-01,7.815094590187072754e-01
5.318762063980102539e-01,8.045768737792968750e-01
6.504461765289306641e-01,3.603525757789611816e-01
7.209450006484985352e-01,3.735490441322326660e-01
6.557421684265136719e-01,-5.554041266441345215e-01
5.344693660736083984e-01,6.675348877906799316e-01
3.299952298402786255e-02,2.481580525636672974e-01
2.931878864765167236e-01,5.973150134086608887e-01
2.822690010070800781e-01,6.457903981208801270e-01
-2.977419197559356689e-01,-3.818568959832191467e-02
5.683469772338867188e-01,2.398629188537597656e-01
2.559710741043090820e-01,5.045162439346313477e-01
5.045315623283386230e-01,8.465910553932189941e-01
3.369837999343872070e-01,5.999189615249633789e-01
5.060774087905883789e-01,7.871851325035095215e-01
-4.053446277976036072e-02,1.374437958002090454e-01
2.778126299381256104e-01,5.390785932540893555e-01
6.306938529014587402e-01,6.805050969123840332e-01
9.646110981702804565e-02,2.686931006610393524e-02
-3.243982791900634766e-05,1.478608250617980957e-01
6.908983588218688965e-01,6.061162948608398438e-01
7.137271165847778320e-01,3.854354619979858398e-01
4.790705144405364990e-01,9.356169402599334717e-02
5.461727380752563477e-01,8.898774981498718262e-01
5.654510855674743652e-01,8.207455873489379883e-01
3.874614536762237549e-01,-4.454207122325897217e-01
7.597315907478332520e-01,6.916535496711730957e-01
6.885060071945190430e-01,3.622097671031951904e-01
4.798437058925628662e-01,-4.997893869876861572e-01
-1.463765352964401245e-01,-4.788845777511596680e-02
2.560270391404628754e-02,2.105775177478790283e-01
4.360256493091583252e-01,7.179619073867797852e-01
4.207505583763122559e-01,7.390126585960388184e-01
7.209162116050720215e-01,5.302779674530029297e-01
5.658689141273498535e-01,8.570673465728759766e-01
7.542664408683776855e-01,7.272806763648986816e-01
-4.142986983060836792e-02,2.089718282222747803e-01
3.209115266799926758e-01,6.293720006942749023e-01
3.213905692100524902e-01,6.518499851226806641e-01
1.795670092105865479e-01,4.822556674480438232e-01
7.603940367698669434e-01,6.700135469436645508e-01
7.615442276000976562e-01,6.137588620185852051e-01
2.946021854877471924e-01,5.946447849273681641e-01
-4.970351159572601318e-01,-4.935496449470520020e-01
7.606391310691833496e-01,7.850129008293151855e-01
5.028171539306640625e-01,8.196992874145507812e-01
3.427107036113739014e-01,6.361081600189208984e-01
5.688727498054504395e-01,-4.095945954322814941e-01
5.242251157760620117e-01,8.270032405853271484e-01
4.771279692649841309e-01,5.051763057708740234e-01
7.367517352104187012e-01,4.729434251785278320e-01
4.928931295871734619e-01,6.883630156517028809e-01
6.212901473045349121e-01,-4.082841277122497559e-01
4.851392209529876709e-01,6.989017724990844727e-01
8.092241287231445312e-01,4.587289988994598389e-01
6.977770328521728516e-01,3.984586894512176514e-01
7.565655708312988281e-01,7.165572643280029297e-01
2.867507338523864746e-01,6.185629367828369141e-01
4.736144244670867920e-01,8.033130764961242676e-01
6.154267191886901855e-01,2.471810728311538696e-01
2.512750625610351562e-01,4.658564031124114990e-01
7.136297821998596191e-01,4.098362326622009277e-01
4.586612880229949951e-01,5.105779170989990234e-01
2.064457386732101440e-01,-5.964583754539489746e-01
4.592541754245758057e-01,7.338272333145141602e-01
6.121588349342346191e-01,5.684077739715576172e-01
2.466991096735000610e-01,5.349841713905334473e-01
6.145704984664916992e-01,5.653154850006103516e-01
-1.043228358030319214e-01,1.987821757793426514e-01
5.395619273185729980e-01,8.036497831344604492e-01
6.613734960556030273e-01,6.622690558433532715e-01
4.543938040733337402e-01,-2.902951091527938843e-02
7.042637467384338379e-02,-2.112003043293952942e-02
6.511235237121582031e-01,5.318433046340942383e-01
5.657613277435302734e-01,-3.017931282520294189e-01
7.170703411102294922e-01,4.605896472930908203e-01
7.030323147773742676e-01,6.797444224357604980e-01
3.146230578422546387e-01,5.403353571891784668e-01
1.552527397871017456e-01,5.291205272078514099e-02
6.522557139396667480e-01,6.359457969665527344e-01
1.191845834255218506e-01,-6.770711541175842285e-01
6.829500198364257812e-01,3.673393726348876953e-01
4.953047037124633789e-01,5.658921599388122559e-01
6.668282747268676758e-01,5.113751292228698730e-01
6.144734099507331848e-02,1.708191484212875366e-01
4.958469271659851074e-01,6.721513271331787109e-01
5.108085274696350098e-01,8.209923505783081055e-01
2.831917703151702881e-01,5.306992530822753906e-01
6.380165815353393555e-01,4.330462515354156494e-01
5.640354752540588379e-01,8.279926180839538574e-01
7.480707168579101562e-01,3.448329865932464600e-01
5.336626768112182617e-01,-6.368447542190551758e-01
3.659920990467071533e-01,6.458756923675537109e-01
-1.488358825445175171e-01,1.762206703424453735e-01
2.863272130489349365e-01,6.210026144981384277e-01
1.205255165696144104e-01,1.557624936103820801e-01
4.900750815868377686e-01,5.130619406700134277e-01
7.068186402320861816e-01,7.339341044425964355e-01
5.130807161331176758e-01,6.422725319862365723e-01
4.941580593585968018e-01,6.919575482606887817e-02
3.832229673862457275e-01,5.448839664459228516e-01
4.512378871440887451e-01,7.110164761543273926e-01
4.305792748928070068e-01,7.142934799194335938e-01
8.112576603889465332e-01,5.900399088859558105e-01
6.260073781013488770e-01,4.122498631477355957e-01
5.054283142089843750e-01,8.494786024093627930e-01
6.847321391105651855e-01,3.129789829254150391e-01
-5.854494571685791016e-01,8.119891881942749023e-01
4.887524247169494629e-01,5.534776449203491211e-01
3.691227734088897705e-01,6.740581989288330078e-01
2.533802092075347900e-01,5.576462745666503906e-01
4.649260640144348145e-02,2.231301814317703247e-01
1.898588240146636963e-01,7.437483966350555420e-02
7.261007428169250488e-01,7.056358456611633301e-01
5.207483768463134766e-01,7.030992507934570312e-01
5.301460623741149902e-01,7.191681861877441406e-01
6.093381643295288086e-01,1.963721215724945068e-01
4.990096092224121094e-01,-5.792097449302673340e-01
7.521395683288574219e-01,3.991188704967498779e-01
6.082760691642761230e-01,2.212271988391876221e-01
6.357963085174560547e-01,5.088858604431152344e-01
5.723230838775634766e-01,2.584643363952636719e-01
4.915395379066467285e-01,8.245047926902770996e-01
7.872408032417297363e-01,4.182667136192321777e-01
6.773357987403869629e-01,6.241979598999023438e-01
3.543069958686828613e-01,6.608036160469055176e-01
4.872724413871765137e-01,6.019152402877807617e-01
6.666018962860107422e-01,6.624749898910522461e-01
1.780632138252258301e-01,2.548948489129543304e-02
1.656639575958251953e-01,4.863072559237480164e-02
7.099528908729553223e-01,6.572777628898620605e-01
4.774428904056549072e-01,7.500503063201904297e-01
6.073862910270690918e-01,1.901023536920547485e-01
3.396515250205993652e-01,6.398743391036987305e-01
4.974029362201690674e-01,3.791270852088928223e-01
6.585382223129272461e-01,6.998364925384521484e-01
3.871351480484008789e-01,6.231704950332641602e-01
3.045108020305633545e-01,5.663467645645141602e-01
3.102145791053771973e-01,6.737327575683593750e-01
7.998598217964172363e-01,5.319490432739257812e-01
-3.766839504241943359e-01,-3.902367353439331055e-01
6.241628527641296387e-01,4.362503886222839355e-01
5.289342999458312988e-01,-5.681256055831909180e-01
-3.948674350976943970e-02,1.961634904146194458e-01
-2.552906870841979980e-01,-5.422716960310935974e-02
5.348863601684570312e-01,2.143972963094711304e-01
4.589190781116485596e-01,7.193578481674194336e-01
4.220460057258605957e-01,7.203009128570556641e-01
4.453216791152954102e-01,7.156371474266052246e-01
6.492102146148681641e-01,6.023049354553222656e-01
2.660588026046752930e-01,4.796436727046966553e-01
4.181279838085174561e-01,3.738158196210861206e-02
2.487336099147796631e-01,6.294428110122680664e-01
4.275416731834411621e-01,4.190738499164581299e-02
5.818891525268554688e-01,2.034757733345031738e-01
-5.692998170852661133e-01,-4.898401498794555664e-01
6.906888484954833984e-01,3.516784906387329102e-01
4.860409721732139587e-02,1.761478632688522339e-01
-3.568797707557678223e-01,-4.299317896366119385e-01
5.720800161361694336e-01,6.902849078178405762e-01
3.669333755970001221e-01,6.486157178878784180e-01
7.180494666099548340e-01,6.984800696372985840e-01
7.240604758262634277e-01,6.612757444381713867e-01
5.329037308692932129e-01,8.357486724853515625e-01
4.608055651187896729e-01,7.336934804916381836e-01
5.367497205734252930e-01,7.866113781929016113e-01
5.463615059852600098e-01,2.298550605773925781e-01
4.832469820976257324e-01,8.153620362281799316e-01
3.720611035823822021e-01,6.404836773872375488e-01
5.755547285079956055e-01,-5.436587929725646973e-01
5.413360595703125000e-01,7.870792150497436523e-01
6.108491420745849609e-01,2.033638507127761841e-01
3.989901244640350342e-01,-5.833150744438171387e-01
4.720216691493988037e-01,6.787849664688110352e-01
1.442424356937408447e-01,3.722581267356872559e-02
-2.719826996326446533e-01,-6.153183802962303162e-02
5.529671311378479004e-01,-3.638333678245544434e-01
2.655137777328491211e-01,4.999761879444122314e-01
4.175463914871215820e-01,6.769669651985168457e-01
-8.742175251245498657e-02,-6.522639840841293335e-02
3.056746423244476318e-01,6.519494652748107910e-01
-6.032086610794067383e-01,7.212663292884826660e-01
4.790358245372772217e-01,5.261763930320739746e-01
-4.491181671619415283e-01,-8.735970854759216309e-01
5.532355904579162598e-01,6.905931830406188965e-01
5.159792304039001465e-01,8.146365880966186523e-01
-3.932931423187255859e-01,-7.793556153774261475e-02
7.095673680305480957e-01,6.220217943191528320e-01
-6.044180989265441895e-01,-5.666672587394714355e-01
6.314754486083984375e-01,6.083925366401672363e-01
3.547806441783905029e-01,6.548652648925781250e-01
-1.637544035911560059e-01,-3.909697532653808594e-01
3.013653457164764404e-01,5.935956835746765137e-01
7.908380627632141113e-01,7.391796708106994629e-01
4.623911380767822266e-01,-5.756805539131164551e-01
7.691520452499389648e-02,1.319441944360733032e-01
-1.238853391259908676e-02,1.186579465866088867e-04
7.681463956832885742e-01,4.683172702789306641e-01
2.944620251655578613e-01,5.997674465179443359e-01
-4.414066076278686523e-01,-5.489840507507324219e-01
3.759660422801971436e-01,-4.517299234867095947e-01
6.486179828643798828e-01,6.258019804954528809e-01
-4.064567983150482178e-01,-5.184301733970642090e-02
2.624991238117218018e-01,6.357879638671875000e-01
7.054898738861083984e-01,6.907566189765930176e-01
6.234269738197326660e-01,2.085780650377273560e-01
3.749369680881500244e-01,1.186224352568387985e-02
7.415505051612854004e-01,3.599625825881958008e-01
5.020173788070678711e-01,8.636255860328674316e-01
7.958097457885742188e-01,3.997011780738830566e-01
5.025017261505126953e-01,8.145182132720947266e-01
5.968205332756042480e-01,-3.022787868976593018e-01
2.778177894651889801e-02,2.027692645788192749e-01
7.284566164016723633e-01,6.850157976150512695e-01
4.323004484176635742e-01,7.744531631469726562e-01
1.011273860931396484e-01,-6.725323796272277832e-01
6.813826560974121094e-01,6.328122615814208984e-01
5.406063050031661987e-02,1.614105999469757080e-01
3.491492867469787598e-01,6.269028186798095703e-01
5.107627511024475098e-01,6.682157516479492188e-01
1.105098277330398560e-01,1.793688349425792694e-02
3.468138277530670166e-01,-6.681984663009643555e-01
-3.571087718009948730e-01,-2.906838431954383850e-02
5.149195194244384766e-01,8.146872520446777344e-01
4.690634608268737793e-01,7.172070741653442383e-01
5.557954683899879456e-02,2.231199294328689575e-01
4.663334488868713379e-01,7.194334268569946289e-01
6.784002184867858887e-01,3.650273680686950684e-01
4.886945486068725586e-01,-5.353959202766418457e-01
1.549608632922172546e-02,1.383128482848405838e-02
6.952111721038818359e-01,6.265345811843872070e-01
6.962786316871643066e-01,6.701728701591491699e-01
4.648464322090148926e-01,9.242404997348785400e-02
7.815026640892028809e-01,3.896790146827697754e-01
3.315741717815399170e-01,6.336426734924316406e-01
2.736725211143493652e-01,4.747580587863922119e-01
4.868643879890441895e-01,5.179213881492614746e-01
-2.642753124237060547e-01,-4.212143272161483765e-02
7.331914305686950684e-01,6.630850434303283691e-01
6.712833642959594727e-01,6.735835671424865723e-01
4.699855148792266846e-01,7.174023985862731934e-01
-4.781324565410614014e-01,-4.867708384990692139e-01
4.822791814804077148e-01,8.263859152793884277e-01
5.078511834144592285e-01,4.790013432502746582e-01
5.784691572189331055e-01,1.775460839271545410e-01
5.590963363647460938e-01,6.244568228721618652e-01
5.403123497962951660e-01,7.966359257698059082e-01
7.781406044960021973e-01,4.218398034572601318e-01
3.825921416282653809e-01,6.083092689514160156e-01
4.272077679634094238e-01,8.149518072605133057e-02
-1.278906613588333130e-01,-2.132935635745525360e-02
7.456154227256774902e-01,6.694221496582031250e-01
5.491104125976562500e-01,2.158957123756408691e-01
3.347586393356323242e-01,6.076036095619201660e-01
-1.754032075405120850e-01,-3.345086053013801575e-02
5.139209628105163574e-01,7.841483354568481445e-01
4.392848908901214600e-01,-6.501897573471069336e-01
2.696593403816223145e-01,5.802055597305297852e-01
2.324075549840927124e-01,4.828169643878936768e-01
6.990283727645874023e-01,4.202042520046234131e-01
2.933870255947113037e-01,4.852162599563598633e-01
3.296096324920654297e-01,6.447499394416809082e-01
4.969762265682220459e-01,7.029906511306762695e-01
6.115204095840454102e-01,-5.821719765663146973e-01
6.873204112052917480e-01,5.929046869277954102e-01
5.127980113029479980e-01,8.962959647178649902e-01
5.660362243652343750e-01,7.778193354606628418e-01
-1.570429503917694092e-01,4.579467233270406723e-03
3.057720065116882324e-01,6.555893421173095703e-01
4.926570653915405273e-01,3.572008013725280762e-01
-1.305045038461685181e-01,-9.537664055824279785e-02
-1.545708626508712769e-01,-1.350150909274816513e-02
8.080880641937255859e-01,7.202121615409851074e-01
7.804071903228759766e-01,4.124485552310943604e-01
6.229442358016967773e-01,6.174896955490112305e-01
5.095902681350708008e-01,5.709092020988464355e-01
5.577751994132995605e-01,7.409926056861877441e-01
6.000222563743591309e-01,-4.302757680416107178e-01
1.306324498727917671e-03,1.430545002222061157e-01
2.092407643795013428e-01,5.098035335540771484e-01
6.347159743309020996e-01,6.087157726287841797e-01
5.615581870079040527e-01,1.702607274055480957e-01
-4.731221124529838562e-02,2.171485573053359985e-01
4.836481809616088867e-01,5.304196476936340332e-01
4.580312669277191162e-01,5.403167381882667542e-02
5.036723613739013672e-01,6.864415407180786133e-01
4.955833852291107178e-01,-4.604891538619995117e-01
3.079689741134643555e-01,6.482619643211364746e-01
-5.226176604628562927e-02,1.483426541090011597e-01
-3.470357656478881836e-01,-2.472946885973215103e-03
6.790260672569274902e-01,5.641010999679565430e-01
6.654058098793029785e-01,1.917712241411209106e-01
5.589652061462402344e-01,-3.001444041728973389e-01
5.023388266563415527e-01,8.292101025581359863e-01
6.966177821159362793e-01,5.008241534233093262e-01
3.229728043079376221e-01,6.040568947792053223e-01
2.170242518186569214e-01,4.933207929134368896e-01
-1.764642149209976196e-01,-7.312408089637756348e-01
-3.311530351638793945e-01,-4.049874842166900635e-03
-3.616607785224914551e-01,-7.990019768476486206e-02
5.798700451850891113e-01,1.717552542686462402e-01
5.331189036369323730e-01,8.562058806419372559e-01
5.590504407882690430e-01,5.192466378211975098e-01
2.558923065662384033e-01,6.018518805503845215e-01
5.077148079872131348e-01,8.160735964775085449e-01
6.443670988082885742e-01,4.909412264823913574e-01
7.854177951812744141e-01,7.316288948059082031e-01
2.464742213487625122e-01,5.071145296096801758e-01
5.183516740798950195e-01,7.109966278076171875e-01
5.335614085197448730e-01,8.473257422447204590e-01
5.562081336975097656e-01,8.415048122406005859e-01
7.172402739524841309e-01,5.984946489334106445e-01
5.200225710868835449e-01,3.878809213638305664e-01
6.503232121467590332e-01,6.545934081077575684e-01
5.230973958969116211e-01,8.415966033935546875e-01
-1.403050869703292847e-01,-1.368441712111234665e-02
-3.916844427585601807e-01,-4.826440215110778809e-01
3.143400251865386963e-01,6.119453907012939453e-01
4.967332780361175537e-01,7.092984318733215332e-01
3.197689056396484375e-01,5.976015329360961914e-01
8.693006634712219238e-02,2.160294800996780396e-01
1.446817964315414429e-01,1.258630119264125824e-02
5.965995192527770996e-01,2.086531668901443481e-01
6.807556748390197754e-01,-3.472887277603149414e-01
6.273910403251647949e-01,5.502948164939880371e-01
6.697688102722167969e-01,3.482299149036407471e-01
6.030998229980468750e-01,-3.654472529888153076e-01
3.750185072422027588e-01,6.446900963783264160e-01
3.583721518516540527e-01,-6.422632932662963867e-01
2.708036005496978760e-01,5.202894806861877441e-01
4.738996326923370361e-01,-4.106945358216762543e-03
3.177664279937744141e-01,6.114878058433532715e-01
3.490818664431571960e-02,1.750767081975936890e-01
4.914663136005401611e-01,7.179854512214660645e-01
8.145390152931213379e-01,4.768207669258117676e-01
6.838657259941101074e-01,5.697516202926635742e-01
6.183189749717712402e-01,6.415702700614929199e-01
5.753655359148979187e-02,2.435163706541061401e-01
4.977887272834777832e-01,8.360121250152587891e-01
6.408100724220275879e-01,3.229478299617767334e-01
6.438316702842712402e-01,6.532086133956909180e-01
6.401926875114440918e-01,-6.050186157226562500e-01
9.635730087757110596e-02,3.756669349968433380e-03
3.674632608890533447e-01,-5.809857845306396484e-01
-3.471342623233795166e-01,-3.206845745444297791e-02
5.833821296691894531e-01,8.631287813186645508e-01
-4.385617971420288086e-01,-4.261002838611602783e-01
5.428639054298400879e-01,2.367511540651321411e-01
4.486119747161865234e-01,5.486010015010833740e-02
6.587811708450317383e-01,5.557152628898620605e-01
-1.305022835731506348e-01,1.270074397325515747e-01
3.215691447257995605e-01,5.300846695899963379e-01
5.030683875083923340e-01,6.836407780647277832e-01
6.724176406860351562e-01,4.801653325557708740e-01
2.445850372314453125e-01,5.589919686317443848e-01
4.364703297615051270e-01,7.311239838600158691e-01
-1.789439171552658081e-01,-6.844965219497680664e-01
-2.424222603440284729e-02,1.031378060579299927e-01
-1.559226494282484055e-02,-5.772043019533157349e-02
4.258521497249603271e-01,6.177112460136413574e-01
6.583809256553649902e-01,4.343446493148803711e-01
6.442691683769226074e-01,1.881324350833892822e-01
7.028840184211730957e-01,5.921450257301330566e-01
4.936000108718872070e-01,8.379561305046081543e-01
2.515140771865844727e-01,4.761306047439575195e-01
4.055952429771423340e-01,6.369585990905761719e-01
7.310385107994079590e-01,6.992323994636535645e-01
3.902949392795562744e-01,-6.447938680648803711e-01
2.620956599712371826e-01,5.227788090705871582e-01
5.623831152915954590e-01,2.018225491046905518e-01
7.574957013130187988e-01,6.298530101776123047e-01
6.815646886825561523e-01,3.778840601444244385e-01
6.115124747157096863e-02,-1.263661086559295654e-01
4.442884624004364014e-01,4.972501397132873535e-01
8.057077527046203613e-01,4.525749087333679199e-01
3.457927703857421875e-01,6.204280853271484375e-01
6.601401567459106445e-01,6.576698422431945801e-01
5.005505681037902832e-01,8.083314895629882812e-01
6.734252572059631348e-01,6.367024183273315430e-01
2.507658898830413818e-01,-7.049601674079895020e-01
6.831266283988952637e-01,5.366023182868957520e-01
4.551412537693977356e-02,2.460617721080780029e-01
-1.827820204198360443e-02,-6.052173674106597900e-02
-1.418929249048233032e-01,-4.228630289435386658e-02
6.869867444038391113e-01,3.906504809856414795e-01
6.542672514915466309e-01,6.006742119789123535e-01
6.277706623077392578e-01,2.017442137002944946e-01
6.776908040046691895e-01,6.108781695365905762e-01
-2.601231634616851807e-01,1.700027147307991982e-03
-1.077336966991424561e-01,2.071721851825714111e-01
5.662637948989868164e-01,2.494632601737976074e-01
6.080019474029541016e-01,-3.328951001167297363e-01
-4.792948663234710693e-01,6.072149276733398438e-01
3.000766336917877197e-01,5.681064724922180176e-01
5.071442723274230957e-01,8.298627734184265137e-01
1.733669340610504150e-01,-7.181968688964843750e-01
7.386333942413330078e-01,3.816917836666107178e-01
6.814344525337219238e-01,2.094315141439437866e-01
9.802280925214290619e-03,-7.599958181381225586e-01
4.325088560581207275e-01,-1.600347831845283508e-02
8.145661354064941406e-01,4.591385424137115479e-01
7.324076890945434570e-01,6.273089051246643066e-01
-2.062930911779403687e-01,-4.071851074695587158e-01
-3.732970356941223145e-01,-4.308025538921356201e-01
2.740065157413482666e-01,5.704585909843444824e-01
5.531137585639953613e-01,1.955779641866683960e-01
5.605702400207519531e-01,6.588948965072631836e-01
-2.109621316194534302e-01,1.390295773744583130e-01
4.907810389995574951e-01,8.669248819351196289e-01
-3.943027853965759277e-01,-5.151827335357666016e-01
2.172097861766815186e-01,5.085334777832031250e-01
6.266350150108337402e-01,-4.603643119335174561e-01
5.067350268363952637e-01,7.807826399803161621e-01
6.372050195932388306e-02,-8.220531977713108063e-03
1.223366186022758484e-01,1.826674677431583405e-02
7.042102217674255371e-01,4.180892109870910645e-01
4.862643480300903320e-01,8.307048678398132324e-01
5.728116035461425781e-01,-3.314918875694274902e-01
4.664622247219085693e-01,6.997882127761840820e-01
6.488480567932128906e-01,1.518115848302841187e-01
-7.815497368574142456e-02,1.790892332792282104e-01
7.189915180206298828e-01,6.214261651039123535e-01
2.432663738727569580e-01,-7.545845508575439453e-01
7.057914137840270996e-01,7.132831215858459473e-01
2.830960750579833984e-01,4.670329391956329346e-01
5.084779858589172363e-01,6.875664591789245605e-01
-2.382365912199020386e-01,6.443545222282409668e-03
-1.158477067947387695e-01,-8.198206871747970581e-02
3.666333481669425964e-02,1.908545196056365967e-01
-6.352221220731735229e-02,-7.768425345420837402e-01
4.338762760162353516e-01,4.954829812049865723e-01
6.113981008529663086e-01,6.030693650245666504e-01
-3.831262886524200439e-02,1.485910266637802124e-01
2.159564793109893799e-01,5.202348232269287109e-01
3.805914819240570068e-01,-4.498319327831268311e-01
6.754903197288513184e-01,6.153858304023742676e-01
5.712961778044700623e-02,1.961515396833419800e-01
5.315867066383361816e-01,2.139021158218383789e-01
1.763758063316345215e-01,6.160781159996986389e-02
6.766605377197265625e-01,3.314931094646453857e-01
1.817617751657962799e-02,2.001491039991378784e-01
5.383131504058837891e-01,8.042961359024047852e-01
4.676936566829681396e-01,7.289034724235534668e-01
4.736425280570983887e-01,8.529893159866333008e-01
7.422618269920349121e-01,7.538499236106872559e-01
2.639239430427551270e-01,5.775752663612365723e-01
6.551371216773986816e-01,-4.095346629619598389e-01
-4.377545788884162903e-02,1.621505767107009888e-01
8.078396916389465332e-01,4.139764010906219482e-01
6.275869607925415039e-01,-5.144566297531127930e-01
2.944357693195343018e-01,6.105580925941467285e-01
7.427842020988464355e-01,7.141582965850830078e-01
5.200566649436950684e-01,6.881326436996459961e-01
6.942038536071777344e-01,5.576961636543273926e-01
4.442463219165802002e-01,7.230445742607116699e-01
4.654327630996704102e-01,8.573879599571228027e-01
-3.377954065799713135e-01,-8.931500464677810669e-02
-2.449811846017837524e-01,-1.637658104300498962e-02
3.186066448688507080e-01,6.448467373847961426e-01
2.885534763336181641e-01,-6.387387514114379883e-01
-1.137685105204582214e-01,-4.314571991562843323e-02
7.271612882614135742e-01,6.723707318305969238e-01
6.538586020469665527e-01,5.637306571006774902e-01
3.562330901622772217e-01,5.890612602233886719e-01
-4.075882136821746826e-01,-4.528262913227081299e-01
2.734271883964538574e-01,5.039891004562377930e-01
-1.698913723230361938e-01,-3.631827533245086670e-01
2.951774299144744873e-01,5.520215034484863281e-01
6.842394471168518066e-01,5.788941383361816406e-01
-5.883478745818138123e-02,-2.466861903667449951e-01
6.331787705421447754e-01,6.158739328384399414e-01
4.711333215236663818e-01,8.009102940559387207e-01
2.683990001678466797e-01,5.894877314567565918e-01
5.266894102096557617e-01,8.122074007987976074e-01
2.668229937553405762e-01,4.881528019905090332e-01
7.177650332450866699e-01,7.187189459800720215e-01
6.866956949234008789e-01,6.618051528930664062e-01
7.426115870475769043e-01,5.070120096206665039e-01
5.091027617454528809e-01,8.476128578186035156e-01
7.965115457773208618e-02,1.961512267589569092e-01
5.312981605529785156e-01,7.868117690086364746e-01
6.797751784324645996e-01,4.423054456710815430e-01
6.402324438095092773e-01,4.527165591716766357e-01
7.476667165756225586e-01,3.423762619495391846e-01
3.185210824012756348e-01,6.414881348609924316e-01
6.048163771629333496e-01,1.466118842363357544e-01
3.123137056827545166e-01,6.077048182487487793e-01
-3.808077573776245117e-01,-4.326570406556129456e-02
3.962087631225585938e-01,-5.585618615150451660e-01
6.677261590957641602e-01,4.479068517684936523e-01
5.034002065658569336e-01,4.204404950141906738e-01
6.808226108551025391e-01,5.214036107063293457e-01
5.833318829536437988e-01,1.859529465436935425e-01
1.665676981210708618e-01,4.846573993563652039e-02
1.216793954372406006e-01,1.819268912076950073e-01
-4.784141182899475098e-01,6.513957977294921875e-01
5.306177735328674316e-01,7.819474935531616211e-01
3.305326998233795166e-01,6.189608573913574219e-01
-6.488198786973953247e-02,1.991823166608810425e-01
5.023268461227416992e-01,-6.224420070648193359e-01
4.503461718559265137e-01,9.490875527262687683e-03
4.620885252952575684e-01,5.863998532295227051e-01
6.670965552330017090e-01,4.830423295497894287e-01
6.261096000671386719e-01,4.718858301639556885e-01
-2.075816690921783447e-01,-8.638677000999450684e-01
6.334002614021301270e-01,5.476880073547363281e-01
5.012964606285095215e-01,8.268325924873352051e-01
6.580459475517272949e-01,5.006204843521118164e-01
6.887954473495483398e-01,6.323895454406738281e-01
6.399748921394348145e-01,6.370518803596496582e-01
-1.909880936145782471e-01,-2.682407498359680176e-01
2.979101538658142090e-01,5.555830001831054688e-01
3.636806607246398926e-01,5.990080833435058594e-01
6.127676367759704590e-01,4.753018617630004883e-01
-3.532361984252929688e-01,-4.735454618930816650e-01
1.198658794164657593e-01,-7.371717691421508789e-01
4.679138064384460449e-01,5.239971280097961426e-01
-9.598807990550994873e-02,-3.830309957265853882e-03
2.161151766777038574e-01,4.569324851036071777e-01
6.425686478614807129e-01,5.968883037567138672e-01
7.407568097114562988e-01,5.887717604637145996e-01
4.815583825111389160e-01,8.518778681755065918e-01
-3.285961747169494629e-01,-6.993451714515686035e-02
2.282801419496536255e-01,4.816244542598724365e-01
6.254621744155883789e-01,5.222529768943786621e-01
5.066395998001098633e-01,7.885555624961853027e-01
4.654054045677185059e-01,7.005273699760437012e-01
4.155189692974090576e-01,5.732018351554870605e-01
8.016423583030700684e-01,3.716141879558563232e-01
3.050148189067840576e-01,5.762606263160705566e-01
7.382107973098754883e-01,2.928823828697204590e-01
2.175134271383285522e-01,6.732357293367385864e-02
6.551477909088134766e-01,1.744388788938522339e-01
-2.112961858510971069e-01,1.237667873501777649e-01
5.802201032638549805e-01,2.607433795928955078e-01
5.461692810058593750e-02,1.347490549087524414e-01
5.810533165931701660e-01,2.243153750896453857e-01
5.323774218559265137e-01,8.801521658897399902e-01
5.022948384284973145e-01,7.639189809560775757e-02
4.621936082839965820e-01,5.903588533401489258e-01
5.261282324790954590e-01,8.601869940757751465e-01
5.134848356246948242e-01,2.155103087425231934e-01
5.745186209678649902e-01,-2.940853238105773926e-01
4.443164765834808350e-01,7.335007190704345703e-01
4.444435238838195801e-01,7.344645261764526367e-01
2.830215096473693848e-01,5.770300030708312988e-01
3.370020985603332520e-01,5.992397069931030273e-01
7.147656679153442383e-01,6.627557277679443359e-01
4.628808796405792236e-01,8.011898994445800781e-01
6.438841819763183594e-01,1.644979417324066162e-01
7.770605683326721191e-01,6.979493498802185059e-01
6.909565925598144531e-01,6.742658615112304688e-01
1.668642461299896240e-02,-7.680909633636474609e-01
-2.481947392225265503e-01,-4.164859056472778320e-01
4.465343356132507324e-01,7.122340202331542969e-01
6.647948026657104492e-01,5.965125560760498047e-01
4.911901354789733887e-01,6.606933474540710449e-01
3.187621831893920898e-01,6.053773760795593262e-01
-1.573272943496704102e-01,-3.722556531429290771e-01
5.328462123870849609e-01,8.205811977386474609e-01
4.604002535343170166e-01,8.251054286956787109e-01
-2.262936681509017944e-01,1.735928356647491455e-01
5.152917504310607910e-01,1.565699130296707153e-01
3.335371017456054688e-01,6.127165555953979492e-01
-3.517238795757293701e-01,-6.676800549030303955e-02
5.580922961235046387e-01,2.062754929065704346e-01
-7.381222397089004517e-02,1.544869244098663330e-01
4.947827160358428955e-01,6.947340369224548340e-01
3.582360148429870605e-01,5.660565495491027832e-01
5.088828802108764648e-01,3.829384446144104004e-01
3.676930367946624756e-01,6.124846339225769043e-01
3.572221100330352783e-01,6.524418592453002930e-01
5.499418377876281738e-01,1.963322460651397705e-01
2.462039468809962273e-03,2.311229705810546875e-01
-4.526028037071228027e-01,-4.590629041194915771e-01
-3.109184280037879944e-02,-7.643178701400756836e-01
2.271526753902435303e-01,4.630437791347503662e-01
4.906772971153259277e-01,8.551363348960876465e-01
6.543220877647399902e-01,-3.979602158069610596e-01
5.210564732551574707e-01,8.120324611663818359e-01
6.508422493934631348e-01,6.562537550926208496e-01
6.809169650077819824e-01,6.259096860885620117e-01
4.938018918037414551e-01,7.115762233734130859e-01
4.509480297565460205e-01,5.710341334342956543e-01
5.397180318832397461e-01,7.996878623962402344e-01
2.224441170692443848e-01,4.625936150550842285e-01
6.277800202369689941e-01,4.832478761672973633e-01
4.655773937702178955e-01,5.524738430976867676e-01
6.157205700874328613e-01,2.601513266563415527e-01
4.852724373340606689e-01,7.960498929023742676e-01
8.109936118125915527e-01,4.628450572490692139e-01
5.226296782493591309e-01,6.666872501373291016e-01
5.042270421981811523e-01,-4.862553179264068604e-01
8.973261713981628418e-02,-2.666988642886281013e-03
3.721177577972412109e-01,-4.367968440055847168e-01
4.377902150154113770e-01,6.526242196559906006e-02
6.501722335815429688e-02,-7.812279462814331055e-01
-5.058119818568229675e-02,1.159271374344825745e-01
8.038442134857177734e-01,4.558794200420379639e-01
5.417319536209106445e-01,8.336611986160278320e-01
3.078543841838836670e-01,5.433027744293212891e-01
6.934509873390197754e-01,6.696678400039672852e-01
1.140206530690193176e-01,2.539373189210891724e-02
6.673660874366760254e-01,6.737347245216369629e-01
6.384186744689941406e-01,-5.194135904312133789e-01
7.902941107749938965e-01,6.286544203758239746e-01
4.765678048133850098e-01,7.392997741699218750e-01
2.665345072746276855e-01,4.913145303726196289e-01
7.485798001289367676e-01,3.693422973155975342e-01
4.705970585346221924e-01,8.340116143226623535e-01
6.263418197631835938e-01,2.124177515506744385e-01
5.092855095863342285e-01,8.135672807693481445e-01
6.153436899185180664e-01,2.201161831617355347e-01
4.083774983882904053e-01,1.046400815248489380e-01
-2.997610270977020264e-01,-4.702004790306091309e-01
5.337327122688293457e-01,6.572239995002746582e-01
8.045815825462341309e-01,4.896096885204315186e-01
6.568205952644348145e-01,3.675829172134399414e-01
5.961315631866455078e-01,4.698217511177062988e-01
6.719512343406677246e-01,6.353590488433837891e-01
-1.769125461578369141e-01,-3.898037374019622803e-01
4.345249533653259277e-01,6.290768086910247803e-02
3.900377452373504639e-01,6.056655645370483398e-01
8.077827095985412598e-01,4.275442361831665039e-01
6.315271258354187012e-01,3.911733329296112061e-01
4.824508726596832275e-01,7.921090722084045410e-01
-6.677506119012832642e-02,-2.858610823750495911e-02
2.657560706138610840e-01,-7.803302407264709473e-01
3.931100368499755859e-01,5.894218087196350098e-01
3.532516658306121826e-01,6.403793096542358398e-01
8.995733410120010376e-02,2.091506719589233398e-01
7.523339390754699707e-01,7.086691856384277344e-01
8.085045218467712402e-01,4.491595029830932617e-01
7.753440141677856445e-01,6.865351796150207520e-01
1.396884024143218994e-01,5.806038156151771545e-03
3.379963636398315430e-01,5.778340101242065430e-01
1.406276971101760864e-01,-6.503695249557495117e-01
5.318352580070495605e-01,-4.314247965812683105e-01
7.371867299079895020e-01,6.710708737373352051e-01
6.541481018066406250e-01,4.567376375198364258e-01
4.228646159172058105e-01,-5.713405013084411621e-01
5.790849328041076660e-01,2.146035581827163696e-01
4.373060166835784912e-01,6.923094987869262695e-01
4.569336771965026855e-01,5.075960159301757812e-01
2.543391585350036621e-01,5.370262265205383301e-01
9.749430418014526367e-02,4.230745509266853333e-02
1.785124838352203369e-01,-6.588379740715026855e-01
3.910796344280242920e-01,6.714029312133789062e-01
1.464861482381820679e-01,2.225150167942047119e-01
2.866500616073608398e-01,6.194955706596374512e-01
3.936963081359863281e-01,-7.240629792213439941e-01
2.418989986181259155e-01,4.877623915672302246e-01
5.105167031288146973e-01,6.795572042465209961e-01
5.670078992843627930e-01,-2.109681665897369385e-01
6.077269911766052246e-01,1.660113036632537842e-01
2.767522335052490234e-01,5.923973917961120605e-01
3.070493936538696289e-01,6.013329029083251953e-01
4.826793074607849121e-01,-7.174244523048400879e-01
4.729018211364746094e-01,4.425647482275962830e-02
4.892575442790985107e-01,8.112288117408752441e-01
5.575261712074279785e-01,2.502805590629577637e-01
7.112008929252624512e-01,6.740600466728210449e-01
-1.341885477304458618e-01,1.547019332647323608e-01
-2.607750892639160156e-01,-7.171037048101425171e-02
1.300854533910751343e-01,1.800451241433620453e-02
-7.972104102373123169e-02,1.916853636503219604e-01
1.650887727737426758e-01,-6.387626528739929199e-01
6.212217211723327637e-01,6.512911915779113770e-01
7.886795401573181152e-01,4.343863129615783691e-01
6.835557818412780762e-01,5.913745164871215820e-01
6.747544407844543457e-01,6.011580824851989746e-01
6.679618954658508301e-01,3.642315864562988281e-01
4.456441104412078857e-01,7.602539658546447754e-01
6.977140903472900391e-02,2.333360165357589722e-01
7.617105841636657715e-01,7.270072102546691895e-01
4.505671858787536621e-01,-6.458056569099426270e-01
6.359443664550781250e-01,5.522001385688781738e-01
6.597914099693298340e-01,3.889633119106292725e-01
1.148479655385017395e-01,5.864370241761207581e-02
3.223299086093902588e-01,5.014704465866088867e-01
-2.849619984626770020e-01,-3.501776456832885742e-01
-3.072803374379873276e-03,1.822322607040405273e-01
3.646341860294342041e-01,-4.424695670604705811e-01
6.949666738510131836e-01,5.601007938385009766e-01
7.814450860023498535e-01,4.581975042819976807e-01
-4.482095539569854736e-01,-3.953432738780975342e-01
-3.197997808456420898e-01,-3.632462024688720703e-02
2.689379155635833740e-01,5.798599123954772949e-01
8.003862500190734863e-01,4.788910150527954102e-01
6.841506958007812500e-01,4.096170067787170410e-01
6.379798650741577148e-01,6.553196310997009277e-01
1.313802450895309448e-01,2.869159542024135590e-02
6.665328741073608398e-01,3.690952360630035400e-01
3.028880655765533447e-01,6.315062046051025391e-01
6.868819594383239746e-01,1.801922470331192017e-01
1.516640782356262207e-01,2.251460589468479156e-02
6.276555657386779785e-01,4.503771066665649414e-01
-4.403559863567352295e-01,-8.048455417156219482e-02
6.051081046462059021e-02,2.148148715496063232e-01
2.600401043891906738e-01,-5.305418372154235840e-01
6.717296838760375977e-01,4.632373154163360596e-01
5.926836729049682617e-01,1.825446337461471558e-01
6.038266420364379883e-01,2.428057193756103516e-01
-2.478209882974624634e-01,1.897522993385791779e-02
2.794734835624694824e-01,5.630210041999816895e-01
-3.025989048182964325e-02,-3.001713752746582031e-01
1.632844209671020508e-01,4.501399770379066467e-02
4.231159016489982605e-02,1.909741610288619995e-01
1.532967090606689453e-01,4.231268912553787231e-02
7.494965791702270508e-01,3.784229457378387451e-01
1.240219101309776306e-01,1.978380382061004639e-01
4.948283135890960693e-01,8.256397247314453125e-01
1.903741508722305298e-01,5.910649895668029785e-02
1.344100534915924072e-01,1.569890677928924561e-01
2.382271289825439453e-01,4.809955358505249023e-01
6.108336448669433594e-01,5.969375371932983398e-01
4.585152566432952881e-01,5.044965744018554688e-01
7.272586226463317871e-01,3.664801120758056641e-01
6.757780313491821289e-01,6.166485548019409180e-01
4.553602337837219238e-01,6.248243451118469238e-01
8.574890345335006714e-02,1.691617220640182495e-01
4.365080296993255615e-01,7.018339037895202637e-01
6.720150709152221680e-01,6.400799155235290527e-01
5.741379857063293457e-01,2.746018171310424805e-01
-8.744789659976959229e-02,-6.760097742080688477e-01
5.306835174560546875e-01,6.869618296623229980e-01
6.781682968139648438e-01,5.062905550003051758e-01
4.509886354207992554e-02,1.946566104888916016e-01
-3.861619234085083008e-01,-4.926345348358154297e-01
3.026360273361206055e-01,5.669046640396118164e-01
1.601217836141586304e-01,6.321588903665542603e-02
4.736702144145965576e-01,8.370030522346496582e-01
1.043401733040809631e-01,1.134503353387117386e-02
-9.920514374971389771e-02,-7.864000275731086731e-03
2.682238519191741943e-01,5.607014894485473633e-01
-3.445897102355957031e-01,-5.744602903723716736e-02
-1.701040267944335938e-01,-5.496728792786598206e-02
1.409901678562164307e-01,7.026739418506622314e-02
5.945851206779479980e-01,2.050375193357467651e-01
3.450013399124145508e-01,6.786284446716308594e-01
6.698613166809082031e-01,6.171293258666992188e-01
6.325918436050415039e-01,3.533141314983367920e-01
-4.215098023414611816e-01,-8.803055286407470703e-01
-4.836578667163848877e-01,-5.054232478141784668e-01
6.902586221694946289e-01,6.024504899978637695e-01
5.628063082695007324e-01,2.083352357149124146e-01
2.366067320108413696e-01,5.939084291458129883e-01
7.891045808792114258e-01,3.795689642429351807e-01
5.089116692543029785e-01,5.347923636436462402e-01
2.954287528991699219e-01,5.334185957908630371e-01
6.739766001701354980e-01,6.312612295150756836e-01
-5.401951074600219727e-01,-4.594986438751220703e-01
-7.820860296487808228e-02,1.397268474102020264e-01
4.698939323425292969e-01,2.888378128409385681e-02
7.403929233551025391e-01,6.468672752380371094e-01
1.058964356780052185e-01,2.989951670169830322e-01
6.114484071731567383e-01,-3.905228972434997559e-01
7.391934990882873535e-01,7.078882455825805664e-01
5.228364467620849609e-01,8.584551215171813965e-01
3.493392467498779297e-01,6.764043569564819336e-01
7.545704245567321777e-01,4.787367880344390869e-01
7.586769461631774902e-01,5.699337124824523926e-01
8.762783557176589966e-02,-7.935503125190734863e-01
6.902501583099365234e-01,5.621707439422607422e-01
-4.710207227617502213e-03,2.395316809415817261e-01
3.958820700645446777e-01,4.688059091567993164e-01
6.591250300407409668e-01,4.806187450885772705e-01
2.618020474910736084e-01,5.098286867141723633e-01
3.559765815734863281e-01,-6.197639107704162598e-01
7.348622083663940430e-01,6.740589737892150879e-01
6.833688020706176758e-01,6.415035724639892578e-01
5.348944664001464844e-01,8.009806871414184570e-01
3.661434948444366455e-01,6.721735596656799316e-01
7.457187771797180176e-01,5.789977312088012695e-01
2.995887994766235352e-01,6.161408424377441406e-01
7.224557399749755859e-01,6.226815581321716309e-01
7.940604686737060547e-01,7.501128911972045898e-01
3.922999277710914612e-02,1.771008968353271484e-01
7.457090020179748535e-01,6.489545106887817383e-01
5.842808485031127930e-01,-5.847086906433105469e-01
5.292971730232238770e-01,8.427307605743408203e-01
2.725048959255218506e-01,5.858849883079528809e-01
3.237761259078979492e-01,5.860008001327514648e-01
7.341642975807189941e-01,6.783586740493774414e-01
5.308777093887329102e-01,7.921227216720581055e-01
7.497048974037170410e-01,5.871294736862182617e-01
4.598562121391296387e-01,7.383604049682617188e-01
-4.547552391886711121e-02,-8.811541199684143066e-01
5.387800335884094238e-01,2.115737646818161011e-01
4.923810362815856934e-01,8.216462135314941406e-01
1.846121400594711304e-01,5.044687911868095398e-02
7.826607227325439453e-01,7.000917792320251465e-01
4.932975769042968750e-01,-5.694530606269836426e-01
1.495671123266220093e-01,5.494055896997451782e-02
9.776454418897628784e-02,-2.603209391236305237e-02
4.510397315025329590e-01,-2.208927087485790253e-02
5.192967057228088379e-01,8.414936065673828125e-01
-4.380698204040527344e-01,6.892163753509521484e-01
4.638176560401916504e-01,8.478721380233764648e-01
6.868555545806884766e-01,5.687119364738464355e-01
5.781777501106262207e-01,-4.235245287418365479e-01
-2.761617600917816162e-01,-6.757523864507675171e-02
4.553606808185577393e-01,-6.193040013313293457e-01
4.399415850639343262e-02,1.526282578706741333e-01
4.812071621417999268e-01,6.141874194145202637e-01
7.599700689315795898e-01,4.761638343334197998e-01
4.889932870864868164e-01,6.937488317489624023e-01
-1.161495968699455261e-01,-2.634877897799015045e-02
6.403002142906188965e-01,5.823093056678771973e-01
6.912410855293273926e-01,-4.564169645309448242e-01
-2.948707342147827148e-01,-2.132579684257507324e-02
-4.027022421360015869e-01,-3.554477915167808533e-02
-1.836220324039459229e-01,-9.208478964865207672e-03
2.908975780010223389e-01,5.915635824203491211e-01
2.934959530830383301e-01,6.003208756446838379e-01
-9.928644448518753052e-02,-8.324187994003295898e-01
6.085770726203918457e-01,1.846717149019241333e-01
5.540170073509216309e-01,-5.676358342170715332e-01
4.738881587982177734e-01,5.546370148658752441e-01
2.002794891595840454e-01,-6.799248456954956055e-01
-1.485830247402191162e-01,-3.071883618831634521e-01
4.397981464862823486e-01,6.427140235900878906e-01
1.298293564468622208e-02,2.261581569910049438e-01
6.624193787574768066e-01,5.736281871795654297e-01
-2.973513007164001465e-01,-1.148184388875961304e-01
3.097144961357116699e-01,5.475400686264038086e-01
7.640629410743713379e-01,6.746661067008972168e-01
4.780058562755584717e-01,6.770390868186950684e-01
7.480660676956176758e-01,2.463076859712600708e-01
5.258595943450927734e-01,8.063823580741882324e-01
-3.445787727832794189e-01,-8.021567761898040771e-02
6.413931846618652344e-01,-4.404796361923217773e-01
6.557990908622741699e-01,5.961731672286987305e-01
4.827046394348144531e-01,6.718437671661376953e-01
4.608965218067169189e-01,7.311251759529113770e-01
2.668070197105407715e-01,5.731441974639892578e-01
6.066219806671142578e-01,2.200384736061096191e-01
-6.021447181701660156e-01,7.860815525054931641e-01
-2.651918865740299225e-02,1.717002093791961670e-01
5.389810800552368164e-01,8.112609982490539551e-01
6.855464577674865723e-01,5.543839335441589355e-01
6.027384996414184570e-01,2.257327288389205933e-01
1.143556460738182068e-01,1.719005964696407318e-02
6.684597134590148926e-01,5.646795630455017090e-01
-1.494619715958833694e-02,1.977090537548065186e-01
4.826289713382720947e-01,6.951001882553100586e-01
3.479503393173217773e-01,6.410627961158752441e-01
1.830042302608489990e-01,4.448056221008300781e-02
-1.889077723026275635e-01,1.720205247402191162e-01
3.194849491119384766e-01,6.151614785194396973e-01
6.534525156021118164e-01,5.995085239410400391e-01
6.466315984725952148e-01,4.601046442985534668e-01
4.954273104667663574e-01,6.966099143028259277e-01
9.617472440004348755e-02,1.705617755651473999e-01
1.833399981260299683e-01,-6.444988250732421875e-01
3.816206455230712891e-01,6.808306574821472168e-01
5.637710094451904297e-01,3.035596311092376709e-01
7.368271946907043457e-01,7.252238392829895020e-01
7.157342433929443359e-01,6.706522703170776367e-01
5.524108409881591797e-01,2.418523430824279785e-01
4.467317759990692139e-01,7.692647166550159454e-03
4.328762292861938477e-01,6.963298320770263672e-01
6.694241762161254883e-01,4.619945585727691650e-01
6.495877504348754883e-01,6.106885075569152832e-01
5.523585677146911621e-01,-5.537043213844299316e-01
7.693227529525756836e-01,4.769279658794403076e-01
5.192746520042419434e-01,8.388450145721435547e-01
4.672662615776062012e-01,5.042550712823867798e-02
5.439879894256591797e-01,-4.832627475261688232e-01
7.620273828506469727e-01,6.919977068901062012e-01
6.873285770416259766e-01,6.065754890441894531e-01
6.673666834831237793e-01,3.641320765018463135e-01
6.041954755783081055e-01,1.811100691556930542e-01
4.571550488471984863e-01,-3.223835825920104980e-01
-3.770734071731567383e-01,-4.549846947193145752e-01
4.481984376907348633e-01,7.043597102165222168e-01
7.700018882751464844e-01,6.939950585365295410e-01
6.651727557182312012e-01,3.697030544281005859e-01
2.715768218040466309e-01,-6.150566935539245605e-01
7.347165942192077637e-01,4.104247391223907471e-01
4.892143011093139648e-01,7.072615027427673340e-01
8.944895863533020020e-02,1.771844178438186646e-02
6.714748740196228027e-01,4.273365139961242676e-01
5.846875309944152832e-01,1.844399422407150269e-01
2.281080931425094604e-01,4.936062693595886230e-01
6.954645514488220215e-01,4.761207401752471924e-01
4.420183300971984863e-01,7.529515624046325684e-01
5.270063877105712891e-01,8.106103539466857910e-01
8.904074132442474365e-02,7.071302738040685654e-03
1.655777990818023682e-01,-6.903158426284790039e-01
-2.584302565082907677e-03,1.737910807132720947e-01
6.482689380645751953e-01,6.113169193267822266e-01
2.871169745922088623e-01,5.186445713043212891e-01
4.554136395454406738e-01,6.794946640729904175e-02
7.111713290214538574e-01,6.771423220634460449e-01
4.873611629009246826e-01,4.576062560081481934e-01
5.620793700218200684e-01,2.127351313829421997e-01
3.531477451324462891e-01,5.940672755241394043e-01
5.548822879791259766e-01,2.544585168361663818e-01
2.801428735256195068e-01,5.990462899208068848e-01
-4.823315516114234924e-02,-1.079245936125516891e-03
1.775949299335479736e-01,-1.331496983766555786e-01
5.465806648135185242e-02,1.925081014633178711e-01
-2.168329060077667236e-01,-9.402178227901458740e-02
4.885798692703247070e-01,7.881963849067687988e-01
7.575353980064392090e-02,2.844673395156860352e-01
-1.203383505344390869e-02,1.934383660554885864e-01
5.646528303623199463e-02,2.227312177419662476e-01
5.406036972999572754e-01,8.013179898262023926e-01
4.619554281234741211e-01,3.425784409046173096e-02
4.794180691242218018e-01,-6.680064201354980469e-01
1.014567911624908447e-01,6.314059719443321228e-03
4.896229803562164307e-01,-5.062562227249145508e-01
6.213971972465515137e-01,5.375156402587890625e-01
6.176461577415466309e-01,1.945965141057968140e-01
5.214051008224487305e-01,-3.138336241245269775e-01
7.342597842216491699e-01,4.872495234012603760e-01
7.005813121795654297e-01,5.929026603698730469e-01
3.573260009288787842e-01,6.718263030052185059e-01
7.024551928043365479e-02,3.189317509531974792e-02
6.874637007713317871e-01,6.207584738731384277e-01
6.039440035820007324e-01,4.739866554737091064e-01
-6.002523303031921387e-01,7.700976729393005371e-01
4.872579872608184814e-01,6.820855289697647095e-02
7.650967687368392944e-02,2.378653734922409058e-01
1.233369112014770508e-02,1.788216978311538696e-01
6.082644462585449219e-01,-4.427476227283477783e-01
8.097329735755920410e-01,7.405662536621093750e-01
6.005759239196777344e-01,-4.611389636993408203e-01
-9.781332314014434814e-02,-8.303764276206493378e-03
2.755222916603088379e-01,5.295072197914123535e-01
4.961808025836944580e-01,6.840839385986328125e-01
1.518003642559051514e-01,2.923774160444736481e-02
4.563291370868682861e-01,4.145721495151519775e-01
4.559126496315002441e-01,7.168328166007995605e-01
-2.279541790485382080e-01,-7.606320828199386597e-02
4.667833447456359863e-01,7.089000344276428223e-01
6.429747939109802246e-01,4.728446602821350098e-01
2.646776735782623291e-01,1.940628141164779663e-02
7.375640273094177246e-01,3.973102569580078125e-01
7.442302703857421875e-01,6.510887145996093750e-01
5.289933085441589355e-01,6.500582098960876465e-01
-1.723618954420089722e-01,-6.938480734825134277e-01
-3.152921497821807861e-01,-1.343252062797546387e-01
4.458102583885192871e-01,-7.816289551556110382e-03
5.182248950004577637e-01,7.159328460693359375e-01
3.813692033290863037e-01,6.684237122535705566e-01
4.892525970935821533e-01,6.840741634368896484e-01
-3.131968080997467041e-01,2.636441495269536972e-03
7.380447983741760254e-01,6.446564793586730957e-01
-3.297710418701171875e-01,-6.476641446352005005e-02
2.713273763656616211e-01,7.033067941665649414e-02
4.923427402973175049e-01,7.290911078453063965e-01
2.963514328002929688e-01,6.041493415832519531e-01
7.363031506538391113e-01,6.579138040542602539e-01
7.730301618576049805e-01,5.974135994911193848e-01
4.747015535831451416e-01,7.209151983261108398e-01
-4.582313355058431625e-03,1.641904562711715698e-01
4.988806545734405518e-01,2.917038649320602417e-02
-3.646774590015411377e-01,-4.218345284461975098e-01
7.221500873565673828e-01,6.530879735946655273e-01
-1.117591634392738342e-01,1.653036028146743774e-01
6.222444772720336914e-01,5.571435689926147461e-01
5.303041934967041016e-01,6.382299065589904785e-01
6.101487874984741211e-01,1.772468239068984985e-01
-7.838540524244308472e-02,2.083967924118041992e-01
1.040682047605514526e-01,1.971771568059921265e-02
4.395550489425659180e-01,5.878902226686477661e-02
2.553374469280242920e-01,4.959643781185150146e-01
6.648722290992736816e-01,5.712773203849792480e-01
3.460062444210052490e-01,6.304931044578552246e-01
2.394807487726211548e-01,5.696758627891540527e-01
4.746137559413909912e-01,8.564950823783874512e-01
2.856796681880950928e-01,5.682981014251708984e-01
5.716971755027770996e-01,-4.024111628532409668e-01
-5.753381922841072083e-02,-6.954915355890989304e-03
1.041337028145790100e-01,1.091772131621837616e-02
4.524880051612854004e-01,6.614757180213928223e-01
-4.898103177547454834e-01,-4.841175675392150879e-01
7.498677968978881836e-01,3.938804566860198975e-01
5.064380764961242676e-01,8.050842881202697754e-01
6.909217238426208496e-01,6.599783897399902344e-01
6.631639599800109863e-01,6.290664672851562500e-01
7.093273997306823730e-01,6.817049384117126465e-01
6.669816374778747559e-01,5.278967618942260742e-01
-1.307753026485443115e-01,1.903854757547378540e-01
1.055292561650276184e-01,-7.192430496215820312e-01
2.999502122402191162e-01,5.950996279716491699e-01
5.307840704917907715e-01,-3.918188810348510742e-01
2.922817766666412354e-01,6.093007922172546387e-01
7.761463522911071777e-01,6.715637445449829102e-01
6.104423403739929199e-01,2.888125181198120117e-01
6.678746342658996582e-01,4.966149628162384033e-01
7.911346554756164551e-01,4.240930676460266113e-01
3.143812417984008789e-01,2.455666102468967438e-02
7.845461368560791016e-01,7.015739083290100098e-01
1.924660503864288330e-01,-7.269448041915893555e-01
6.204018592834472656e-01,2.018929272890090942e-01
3.290246054530143738e-02,1.815817356109619141e-01
2.479211837053298950e-01,4.971247017383575439e-01
2.359609901905059814e-01,9.167481213808059692e-02
6.746082305908203125e-01,6.618266105651855469e-01
6.320822834968566895e-01,1.888102740049362183e-01
4.992298185825347900e-01,6.452143788337707520e-01
4.704740345478057861e-01,7.611393928527832031e-01
-1.906196773052215576e-01,-2.899300307035446167e-02
7.316358685493469238e-01,6.434588432312011719e-01
7.104625701904296875e-01,5.959615111351013184e-01
7.368764281272888184e-01,5.957081913948059082e-01
1.122445538640022278e-01,7.555355783551931381e-03
6.269867420196533203e-01,5.628333091735839844e-01
6.505692005157470703e-01,4.458627104759216309e-01
5.235244631767272949e-01,6.279169917106628418e-01
4.341489076614379883e-01,6.912885308265686035e-01
2.325829416513442993e-01,4.980412721633911133e-01
6.689415574073791504e-01,4.676291942596435547e-01
4.436965584754943848e-01,3.436813130974769592e-02
5.117760300636291504e-01,7.135012149810791016e-01
4.499410390853881836e-01,7.776407897472381592e-02
2.732422947883605957e-01,4.986078143119812012e-01
2.437897920608520508e-01,4.589084386825561523e-01
5.159887075424194336e-01,6.660391092300415039e-01
6.950332224369049072e-02,-1.671909540891647339e-02
-3.057104349136352539e-01,-3.048480860888957977e-02
6.884842514991760254e-01,2.857607007026672363e-01
1.650534123182296753e-01,5.491557344794273376e-02
-1.962442547082901001e-01,-5.688361078500747681e-02
5.609522759914398193e-02,2.023525089025497437e-01
7.061413526535034180e-01,4.536058306694030762e-01
6.699435114860534668e-01,5.038735866546630859e-01
-1.648321449756622314e-01,-4.968470707535743713e-02
7.574133872985839844e-01,2.484455853700637817e-01
4.616316854953765869e-01,6.910938024520874023e-02
2.641955316066741943e-01,5.592406988143920898e-01
6.622810363769531250e-01,3.867154419422149658e-01
3.192985951900482178e-01,5.918175578117370605e-01
5.107101798057556152e-01,6.763824820518493652e-01
5.469775795936584473e-01,2.189966738224029541e-01
-1.994176656007766724e-01,-8.967816084623336792e-02
-1.060967613011598587e-02,2.342626452445983887e-01
6.787859201431274414e-01,5.845197439193725586e-01
6.803739666938781738e-01,5.846480727195739746e-01
4.580821394920349121e-01,6.508490443229675293e-01
3.178290128707885742e-01,5.775585174560546875e-01
5.545863509178161621e-01,8.554423451423645020e-01
3.167980313301086426e-01,6.620647907257080078e-01
6.917029023170471191e-01,5.510193109512329102e-01
6.319433450698852539e-01,1.706009656190872192e-01
-1.578811705112457275e-01,1.402567625045776367e-01
4.709933400154113770e-01,1.358894817531108856e-02
5.504862666130065918e-01,8.072581887245178223e-01
-7.792864739894866943e-02,-4.893947020173072815e-02
5.975808948278427124e-02,2.680561840534210205e-01
6.362849473953247070e-01,3.765730559825897217e-01
-1.643946319818496704e-01,1.157718896865844727e-01
4.930233955383300781e-01,7.022618651390075684e-01
2.887232899665832520e-01,5.783995985984802246e-01
7.489997744560241699e-01,4.636620879173278809e-01
7.677364349365234375e-01,6.967605352401733398e-01
5.142583250999450684e-01,2.833774313330650330e-02
6.614682674407958984e-01,4.732303917407989502e-01
5.223740339279174805e-01,8.464425206184387207e-01
6.541410088539123535e-01,3.667191267013549805e-01
5.127502083778381348e-01,6.835009455680847168e-01
1.652912497520446777e-01,4.390703514218330383e-02
-3.717833459377288818e-01,-1.970010809600353241e-02
-4.525650739669799805e-01,-4.304291903972625732e-01
5.185206979513168335e-02,-1.718569360673427582e-02
6.717841625213623047e-01,5.584213137626647949e-01
6.701918244361877441e-01,6.690822243690490723e-01
4.721533358097076416e-01,7.833980321884155273e-01
6.664597392082214355e-01,6.099098324775695801e-01
6.152327656745910645e-01,6.117304563522338867e-01
6.578289270401000977e-01,5.974756479263305664e-01
1.937406510114669800e-01,-7.032973766326904297e-01
6.461386084556579590e-01,6.226226687431335449e-01
1.498569846153259277e-01,4.404597356915473938e-02
-5.894920825958251953e-01,7.128096222877502441e-01
6.828725934028625488e-01,6.007162928581237793e-01
6.728038191795349121e-01,-4.582197964191436768e-01
6.515591144561767578e-01,7.034202218055725098e-01
3.866085410118103027e-01,6.138619184494018555e-01
6.403120756149291992e-01,4.041988253593444824e-01
8.159885406494140625e-01,4.530538022518157959e-01
6.126331686973571777e-01,1.943899989128112793e-01
4.900597929954528809e-01,6.522011160850524902e-01
6.496953964233398438e-01,3.720842003822326660e-01
6.389513611793518066e-01,6.687070131301879883e-01
4.912964701652526855e-01,3.438107967376708984e-01
7.516253590583801270e-01,7.170797586441040039e-01
-4.752804338932037354e-02,-1.485278736799955368e-02
1.093343943357467651e-01,5.680173053406178951e-04
-7.940047979354858398e-02,-3.927372023463249207e-02
3.040701150894165039e-01,5.926712751388549805e-01
4.858510494232177734e-01,-8.489509113132953644e-03
5.012530684471130371e-01,6.460114121437072754e-01
7.946780323982238770e-01,7.110643386840820312e-01
1.517631113529205322e-01,1.792333126068115234e-01
6.898100376129150391e-01,6.618879437446594238e-01
3.489515781402587891e-01,5.943895578384399414e-01
-2.082799673080444336e-01,1.076631397008895874e-01
5.779169797897338867e-01,-1.913374364376068115e-01
4.869506955146789551e-01,7.832262516021728516e-01
-3.778024911880493164e-01,-5.645155906677246094e-02
-1.312906593084335327e-01,-8.517751842737197876e-02
3.246031999588012695e-01,5.556466579437255859e-01
6.977700591087341309e-01,6.548897027969360352e-01
5.048968791961669922e-01,-3.563897609710693359e-01
2.809112668037414551e-01,5.776951909065246582e-01
7.325682640075683594e-01,4.590756893157958984e-01
7.040901780128479004e-01,7.100306749343872070e-01
-2.173713892698287964e-01,-5.327304080128669739e-02
6.479915976524353027e-01,6.008214950561523438e-01
-3.159617781639099121e-01,-4.509747326374053955e-01
8.194254636764526367e-01,4.778268635272979736e-01
2.918489873409271240e-01,5.880448222160339355e-01
4.853238761425018311e-01,7.069596648216247559e-01
9.597516059875488281e-02,2.991720475256443024e-02
-5.544874072074890137e-01,6.384053826332092285e-01
-9.982187300920486450e-02,1.789711862802505493e-01
2.449725121259689331e-01,5.387899875640869141e-01
1.611392945051193237e-01,3.306755051016807556e-02
5.169079899787902832e-01,5.085048675537109375e-01
9.441877156496047974e-02,1.931774765253067017e-01
8.064608573913574219e-01,3.439913988113403320e-01
7.276378870010375977e-01,6.956492066383361816e-01
8.489690721035003662e-02,1.650942116975784302e-01
9.017415344715118408e-02,8.171808905899524689e-03
6.169075369834899902e-01,5.427784323692321777e-01
5.547809004783630371e-01,-5.469855070114135742e-01
4.725944101810455322e-01,7.162268161773681641e-01
-8.337207138538360596e-02,1.818028986454010010e-01
2.285333573818206787e-01,4.504402279853820801e-01
7.609580755233764648e-01,3.336459398269653320e-01
-4.139255285263061523e-01,-4.650672078132629395e-01
6.353199481964111328e-01,-5.102849602699279785e-01
2.965239435434341431e-02,1.502639502286911011e-01
-1.414195820689201355e-02,1.273741126060485840e-01
6.421126127243041992e-01,1.683239191770553589e-01
6.923136115074157715e-01,4.861962497234344482e-01
2.253201752901077271e-01,4.909281432628631592e-01
5.388525724411010742e-01,8.723519444465637207e-01
-3.078684508800506592e-01,-4.418680667877197266e-01
3.402793705463409424e-01,6.589137315750122070e-01
3.837671577930450439e-01,-3.298679590225219727e-01
5.742675065994262695e-01,6.870815753936767578e-01
5.287835597991943359e-01,8.396630883216857910e-01
3.583318889141082764e-01,5.664507150650024414e-01
3.186410963535308838e-01,5.956119298934936523e-01
6.276225447654724121e-01,1.601511389017105103e-01
5.299567580223083496e-01,-5.342862010002136230e-01
5.636402964591979980e-01,-3.474837541580200195e-01
2.595556080341339111e-01,5.344957113265991211e-01
7.007308602333068848e-01,2.313921004533767700e-01
4.128923639655113220e-02,1.595881283283233643e-01
2.879868745803833008e-01,4.901919141411781311e-02
6.990402340888977051e-01,6.465581655502319336e-01
-2.019417434930801392e-01,-4.895113781094551086e-02
6.428592205047607422e-01,4.116268455982208252e-01
6.641308069229125977e-01,3.742667734622955322e-01
6.051566600799560547e-01,2.173061221837997437e-01
2.717207074165344238e-01,5.519264340400695801e-01
6.334639191627502441e-01,4.395237267017364502e-01
4.323551654815673828e-01,2.136431261897087097e-02
3.073871731758117676e-01,6.306870579719543457e-01
4.897975027561187744e-01,6.383914947509765625e-01
2.187564224004745483e-01,5.100446343421936035e-01
4.964424371719360352e-01,6.739038825035095215e-01
2.802375853061676025e-01,-6.250405311584472656e-01
5.326672196388244629e-01,-3.171188533306121826e-01
3.348367810249328613e-01,6.049044132232666016e-01
3.281428813934326172e-01,6.771580576896667480e-01
5.116868019104003906e-01,8.522574901580810547e-01
5.456956028938293457e-01,5.672802329063415527e-01
8.225505948066711426e-01,4.258800446987152100e-01
7.820122241973876953e-01,5.619817972183227539e-01
7.420785427093505859e-01,5.823732614517211914e-01
-2.917511463165283203e-01,-4.218395352363586426e-01
3.676223754882812500e-01,6.465039253234863281e-01
2.601526081562042236e-01,4.696155786514282227e-01
6.860758066177368164e-01,2.607183158397674561e-01
5.660942196846008301e-01,2.784399688243865967e-01
-1.620447039604187012e-01,1.740425825119018555e-01
6.295245885848999023e-01,4.346073865890502930e-01
7.337127923965454102e-01,6.532373428344726562e-01
6.755430102348327637e-01,4.503971338272094727e-01
5.951732993125915527e-01,-2.991879284381866455e-01
4.299059808254241943e-01,-4.752012193202972412e-01
5.571506619453430176e-01,8.591627478599548340e-01
6.158421039581298828e-01,-4.470625221729278564e-01
-5.741469860076904297e-01,7.315272092819213867e-01
6.441178321838378906e-01,4.737134277820587158e-01
5.003501176834106445e-01,6.709685921669006348e-01
4.448291659355163574e-01,7.132754474878311157e-02
-1.261995825916528702e-02,-6.566784977912902832e-01
4.553307890892028809e-01,7.314812541007995605e-01
6.038532257080078125e-01,1.595318317413330078e-01
5.143911838531494141e-01,5.460548996925354004e-01
7.346109151840209961e-01,6.846143603324890137e-01
7.103561889380216599e-03,2.213515192270278931e-01
6.544233560562133789e-01,4.913473427295684814e-01
4.715802073478698730e-01,3.725937604904174805e-01
8.134334087371826172e-01,4.905062615871429443e-01
4.552291929721832275e-01,6.077772006392478943e-02
7.302356362342834473e-01,6.100844144821166992e-01
-6.764027476310729980e-02,1.877913028001785278e-01
4.931248128414154053e-01,7.139458656311035156e-01
5.834927558898925781e-01,2.059589773416519165e-01
7.366800308227539062e-01,6.361742615699768066e-01
5.708217993378639221e-02,1.645824909210205078e-01
2.645891606807708740e-01,5.580347180366516113e-01
7.118511795997619629e-01,6.838694214820861816e-01
2.675260603427886963e-01,6.109540462493896484e-01
-5.605350062251091003e-02,-2.559306621551513672e-01
-4.199003335088491440e-03,1.912709474563598633e-01
7.665711045265197754e-01,7.181667685508728027e-01
1.047993674874305725e-01,-7.429464459419250488e-01
4.797743558883666992e-01,7.626149058341979980e-01
7.036250233650207520e-01,7.212186455726623535e-01
7.320146560668945312e-01,6.896276473999023438e-01
3.185206353664398193e-01,5.892857909202575684e-01
2.342611849308013916e-01,6.456751376390457153e-02
-1.194655522704124451e-01,-4.495579004287719727e-02
6.200631856918334961e-01,1.789044141769409180e-01
-4.811176061630249023e-01,-5.176858305931091309e-01
5.836564302444458008e-01,2.645514607429504395e-01
1.014631763100624084e-01,2.675198614597320557e-01
-1.776666343212127686e-01,-8.174421191215515137e-01
6.026028394699096680e-01,1.919410228729248047e-01
2.910881042480468750e-01,5.790742635726928711e-01
2.484091967344284058e-01,5.688195824623107910e-01
6.618719696998596191e-01,5.888140201568603516e-01
4.312517344951629639e-01,7.147159576416015625e-01
6.635183095932006836e-01,6.608393192291259766e-01
5.338018536567687988e-01,7.910978198051452637e-01
5.105144381523132324e-01,8.621430993080139160e-01
4.231733381748199463e-01,3.424474596977233887e-02
3.552939891815185547e-01,6.587685942649841309e-01
5.995902419090270996e-01,2.007154077291488647e-01
6.413962841033935547e-01,5.697844028472900391e-01
2.969360351562500000e-01,5.785072445869445801e-01
2.399293333292007446e-01,5.667293667793273926e-01
5.893012881278991699e-01,8.495430946350097656e-01
3.483549058437347412e-01,6.902721524238586426e-01
5.911098122596740723e-01,-4.908948540687561035e-01
3.972141146659851074e-01,6.395123004913330078e-01
6.015096306800842285e-01,1.817822605371475220e-01
7.183820605278015137e-01,5.500225424766540527e-01
9.433028846979141235e-02,2.055278122425079346e-01
4.144228994846343994e-01,5.431606769561767578e-01
5.102094411849975586e-01,8.450749516487121582e-01
5.122388601303100586e-01,6.937226653099060059e-01
3.495404720306396484e-01,-5.361372232437133789e-01
7.526944875717163086e-01,3.787025809288024902e-01
-5.747395157814025879e-01,-5.332136750221252441e-01
2.420587092638015747e-01,5.234000086784362793e-01
1.983722001314163208e-01,4.472692608833312988e-01
6.033751368522644043e-01,1.826452910900115967e-01
8.120374083518981934e-01,5.247818827629089355e-01
-1.764090545475482941e-02,-1.925537362694740295e-02
5.132668614387512207e-01,6.923501491546630859e-01
5.429682731628417969e-01,2.450506687164306641e-01
-3.380878269672393799e-02,1.550918221473693848e-01
7.041634321212768555e-01,6.185631752014160156e-01
7.217315435409545898e-01,4.295710027217864990e-01
5.418508052825927734e-01,8.216143250465393066e-01
6.902122497558593750e-01,3.631064891815185547e-01
5.340759754180908203e-01,7.961488962173461914e-01
6.789635419845581055e-01,7.032938599586486816e-01
3.507069945335388184e-01,6.421002149581909180e-01
6.236435174942016602e-01,4.399731755256652832e-01
4.954995214939117432e-01,7.922251820564270020e-01
3.279525339603424072e-01,6.164582371711730957e-01
4.291268065571784973e-02,1.977792978286743164e-01
-2.391294240951538086e-01,-6.346037983894348145e-02
4.972992837429046631e-01,7.812637090682983398e-01
2.964732646942138672e-01,5.923320055007934570e-01
4.451206326484680176e-01,-2.651932276785373688e-02
4.783991277217864990e-01,5.383854508399963379e-01
8.161016702651977539e-01,4.835426807403564453e-01
6.454643607139587402e-01,5.762349367141723633e-01
-2.764686942100524902e-01,-9.332207590341567993e-02
-6.631489098072052002e-02,1.518469750881195068e-01
-3.500864505767822266e-01,-4.581307768821716309e-01
-2.806657850742340088e-01,-2.934696339070796967e-02
3.889655172824859619e-01,6.127629876136779785e-01
6.983739137649536133e-01,6.057862043380737305e-01
6.444109678268432617e-01,1.705711781978607178e-01
6.983198523521423340e-01,5.865094065666198730e-01
4.858214259147644043e-01,-2.817202545702457428e-02
-3.723013997077941895e-01,-5.708916112780570984e-02
5.577070116996765137e-01,6.758281588554382324e-01
6.074517965316772461e-01,5.717449188232421875e-01
5.797593593597412109e-01,2.455995231866836548e-01
5.229299068450927734e-01,8.774712085723876953e-01
3.563650250434875488e-01,6.671530604362487793e-01
4.950180053710937500e-01,6.876148581504821777e-01
-2.832745611667633057e-01,-4.153540134429931641e-01
8.198946714401245117e-01,4.290586709976196289e-01
6.865573525428771973e-01,5.629281997680664062e-01
6.436457633972167969e-01,6.024633646011352539e-01
8.217420578002929688e-01,7.293911576271057129e-01
-2.139468044042587280e-01,-4.568433016538619995e-02
1.021660789847373962e-01,2.324513494968414307e-01
4.434259831905364990e-01,7.504841089248657227e-01
3.455563485622406006e-01,6.396525502204895020e-01
6.390330791473388672e-01,4.706890285015106201e-01
6.328197717666625977e-01,1.720283329486846924e-01
6.835402250289916992e-01,4.488519132137298584e-01
6.475991606712341309e-01,3.234054744243621826e-01
5.063932538032531738e-01,5.461447238922119141e-01
7.024208307266235352e-01,6.667335629463195801e-01
4.456314146518707275e-01,4.048025012016296387e-01
4.930351376533508301e-01,5.302708148956298828e-01
6.375019550323486328e-01,5.059170722961425781e-01
5.985577702522277832e-01,2.131381779909133911e-01
3.230419456958770752e-01,6.324874758720397949e-01
6.420464515686035156e-01,5.548368692398071289e-01
4.898269176483154297e-01,6.952285766601562500e-01
-3.335228264331817627e-01,-4.339812397956848145e-01
4.900067150592803955e-01,5.886293649673461914e-01
6.526787877082824707e-01,4.740098416805267334e-01
6.704590320587158203e-01,6.000347137451171875e-01
4.705516695976257324e-01,3.560158908367156982e-01
6.083121299743652344e-01,-3.531947731971740723e-01
3.147363364696502686e-01,6.229538917541503906e-01
2.565458416938781738e-01,6.017351150512695312e-01
-2.505299746990203857e-01,-5.941146612167358398e-02
6.271712183952331543e-01,1.873658299446105957e-01
9.302604943513870239e-02,-1.416458841413259506e-02
1.377613991498947144e-01,1.765435487031936646e-01
7.306540012359619141e-01,6.962798237800598145e-01
-1.355172991752624512e-01,-8.478599786758422852e-01
7.280426621437072754e-01,5.899289846420288086e-01
2.766425013542175293e-01,5.598219633102416992e-01
3.766145110130310059e-01,6.710471510887145996e-01
6.376739144325256348e-01,6.242181658744812012e-01
3.016055524349212646e-01,5.886371731758117676e-01
7.007926702499389648e-01,5.771040320396423340e-01
6.987516283988952637e-01,6.292415857315063477e-01
1.636948287487030029e-01,5.915205925703048706e-02
6.986545324325561523e-01,6.830819249153137207e-01
-3.699941635131835938e-01,4.790552426129579544e-03
6.116999983787536621e-01,6.257743239402770996e-01
2.736953496932983398e-01,5.838012695312500000e-01
2.234263271093368530e-01,5.261638760566711426e-01
5.710455179214477539e-01,2.468925565481185913e-01
5.175573825836181641e-01,-4.924239814281463623e-01
6.889563202857971191e-01,6.711146235466003418e-01
5.939084291458129883e-01,-5.300169587135314941e-01
2.556377649307250977e-01,5.491514205932617188e-01
7.587298750877380371e-01,4.015666246414184570e-01
4.551517069339752197e-01,7.154885679483413696e-02
6.867721080780029297e-01,5.864680409431457520e-01
-6.436141133308410645e-01,-8.465735912322998047e-01
6.921505331993103027e-01,6.373204588890075684e-01
3.351503908634185791e-01,6.092309355735778809e-01
5.319247245788574219e-01,2.070208340883255005e-01
2.524152100086212158e-01,5.235508680343627930e-01
-3.640408515930175781e-01,-8.254264295101165771e-02
2.828275561332702637e-01,6.360846161842346191e-01
6.916878819465637207e-01,4.636082351207733154e-01
6.614288687705993652e-01,5.927336215972900391e-01
6.801858544349670410e-01,4.639656543731689453e-01
5.721542835235595703e-01,8.087962269783020020e-01
6.444388031959533691e-01,5.562655925750732422e-01
2.716708481311798096e-01,5.799186229705810547e-01
5.608534812927246094e-01,2.090654522180557251e-01
6.672635674476623535e-01,5.197670459747314453e-01
2.496415674686431885e-01,4.990355372428894043e-01
-8.023036271333694458e-02,2.046999335289001465e-01
4.682565629482269287e-01,6.938581168651580811e-02
2.966900169849395752e-01,5.787666440010070801e-01
5.149615406990051270e-01,7.189192175865173340e-01
5.626599788665771484e-01,-3.039263486862182617e-01
5.116692781448364258e-01,5.890049338340759277e-01
-3.556236624717712402e-03,-4.938985407352447510e-02
-4.172748625278472900e-01,-3.111322037875652313e-02
7.069985270500183105e-01,6.987314820289611816e-01
4.779706299304962158e-01,5.871398448944091797e-01
6.890676617622375488e-01,6.581121683120727539e-01
5.083754062652587891e-01,6.642900705337524414e-01
4.889113605022430420e-01,-1.822977513074874878e-02
4.967176914215087891e-01,2.261076867580413818e-01
-3.112953007221221924e-01,-2.266297489404678345e-02
5.877056121826171875e-01,2.257656753063201904e-01
-3.372049033641815186e-01,-5.881156399846076965e-02
6.377767324447631836e-01,-5.596858859062194824e-01
6.475867629051208496e-01,2.193707972764968872e-01
2.794112861156463623e-01,6.110855340957641602e-01
-1.231088652275502682e-03,2.305985428392887115e-02
5.660771727561950684e-01,2.176899015903472900e-01
4.716754853725433350e-01,5.535995960235595703e-01
5.056874155998229980e-01,6.840189099311828613e-01
6.422285437583923340e-01,4.949757158756256104e-01
5.641942024230957031e-01,2.400847077369689941e-01
-3.831371068954467773e-01,-3.679013624787330627e-02
-2.413199394941329956e-01,-3.975511193275451660e-01
5.163823962211608887e-01,7.199119925498962402e-01
4.962602257728576660e-01,7.175821065902709961e-01
-5.327474698424339294e-02,-2.926813662052154541e-01
4.769084155559539795e-01,7.060134410858154297e-01
4.688202440738677979e-01,7.317121624946594238e-01
6.289985179901123047e-01,5.118088722229003906e-01
2.713278234004974365e-01,5.329218506813049316e-01
3.207499682903289795e-01,5.951212644577026367e-01
2.445263415575027466e-01,4.603179991245269775e-01
6.988206505775451660e-01,6.468604803085327148e-01
6.954519748687744141e-01,6.976048350334167480e-01
-2.312492206692695618e-02,-2.497536502778530121e-02
7.447745203971862793e-01,4.773337244987487793e-01
3.108303546905517578e-01,5.781847238540649414e-01
6.635717749595642090e-01,5.061518549919128418e-01
1.239948123693466187e-01,2.285064905881881714e-01
6.244124770164489746e-01,5.745097994804382324e-01
5.368417501449584961e-01,-3.575430214405059814e-01
6.747010946273803711e-01,5.836425423622131348e-01
4.945104718208312988e-01,6.871553063392639160e-01
7.703177928924560547e-01,6.891341209411621094e-01
5.690185427665710449e-01,-3.850155770778656006e-01
4.969488978385925293e-01,8.125075697898864746e-01
7.366374135017395020e-01,6.522646546363830566e-01
3.077296912670135498e-01,5.963831543922424316e-01
5.791814327239990234e-01,2.836233377456665039e-01
-1.217103376984596252e-01,-4.978347942233085632e-02
4.911292791366577148e-01,8.696362972259521484e-01
2.777461707592010498e-01,6.094347238540649414e-01
4.434203207492828369e-01,3.976454213261604309e-02
4.687826037406921387e-01,4.196944087743759155e-02
2.695539593696594238e-01,5.780088901519775391e-01
6.289899349212646484e-01,5.505223274230957031e-01
6.264818310737609863e-01,1.938160657882690430e-01
-2.053456157445907593e-01,-8.728078007698059082e-02
5.430580377578735352e-01,2.228230386972427368e-01
5.433568358421325684e-01,-4.816559851169586182e-01
3.911064863204956055e-01,6.300146579742431641e-01
2.755410037934780121e-02,2.446354627609252930e-01
6.981580853462219238e-01,5.815705060958862305e-01
2.279592156410217285e-01,4.533467888832092285e-01
4.618755578994750977e-01,7.169566750526428223e-01
1.345667392015457153e-01,2.625084519386291504e-01
2.044699788093566895e-01,6.246887147426605225e-02
-3.499223887920379639e-01,-9.640766680240631104e-02
6.777552962303161621e-01,5.607763528823852539e-01
3.203200101852416992e-01,6.585754752159118652e-01
6.974804401397705078e-01,5.803406238555908203e-01
2.987819910049438477e-01,6.145974397659301758e-01
2.034244239330291748e-01,3.398150950670242310e-02
7.069926857948303223e-01,6.581721901893615723e-01
-2.325778603553771973e-01,-7.882218360900878906e-01
-3.726432919502258301e-01,-5.401771664619445801e-01
7.235720157623291016e-01,6.762310266494750977e-01
4.864446818828582764e-01,6.358515024185180664e-01
6.182581782341003418e-01,4.898709058761596680e-01
-4.592926800251007080e-01,6.611533761024475098e-01
2.947498559951782227e-01,6.196820735931396484e-01
-2.819400727748870850e-01,-4.467469453811645508e-01
6.667591333389282227e-01,4.978493750095367432e-01
-1.994473338127136230e-01,-2.929101139307022095e-02
2.979167699813842773e-01,5.915068984031677246e-01
5.206632614135742188e-01,6.666475534439086914e-01
3.044234961271286011e-02,1.992422491312026978e-01
3.923434317111968994e-01,-4.108139276504516602e-01
1.030887886881828308e-01,1.168089173734188080e-02
1.677170693874359131e-01,3.282605484127998352e-02
4.573355019092559814e-01,3.713522106409072876e-02
-4.237726330757141113e-01,-5.077937245368957520e-01
6.885209679603576660e-01,5.788766741752624512e-01
4.809227585792541504e-01,7.396869063377380371e-01
-2.152768373489379883e-01,-3.892534226179122925e-02
-2.290302366018295288e-01,-4.726808518171310425e-02
1.253593415021896362e-01,2.392138391733169556e-01
5.118643641471862793e-01,1.851283907890319824e-01
3.429374992847442627e-01,6.394203305244445801e-01
1.882996112108230591e-01,7.069382071495056152e-02
-2.013592720031738281e-01,-7.373856753110885620e-02
5.769038200378417969e-01,8.642771840095520020e-01
5.800349712371826172e-01,-3.602249324321746826e-01
6.884428858757019043e-01,3.304686546325683594e-01
1.485428661108016968e-01,2.778057940304279327e-02
4.964836239814758301e-01,-4.914540052413940430e-01
6.136556863784790039e-01,1.868292391300201416e-01
7.767028361558914185e-02,2.270848751068115234e-01
6.798173785209655762e-01,4.718967974185943604e-01
4.841899871826171875e-01,7.587678432464599609e-01
8.212465047836303711e-01,4.286164939403533936e-01
3.496334254741668701e-01,5.663683414459228516e-01
5.078334733843803406e-02,2.116043716669082642e-01
4.593089520931243896e-01,6.946874260902404785e-01
-2.581830136477947235e-02,6.625123322010040283e-03
1.743093580007553101e-01,7.207647711038589478e-02
-1.986013352870941162e-01,8.427249640226364136e-02
-2.618527710437774658e-01,-4.998127743601799011e-02
4.551362395286560059e-01,1.612587366253137589e-03
1.359268128871917725e-01,2.263348549604415894e-02
-3.177736401557922363e-01,-4.908559918403625488e-01
5.501350760459899902e-01,8.013854622840881348e-01
6.939628720283508301e-01,6.514322161674499512e-01
3.145626187324523926e-01,6.015836596488952637e-01
4.665388464927673340e-01,7.246931791305541992e-01
6.480508446693420410e-01,4.693416059017181396e-01
-2.107914350926876068e-02,1.834029257297515869e-01
4.757368862628936768e-01,3.533493578433990479e-01
4.878039658069610596e-01,7.129532694816589355e-01
-4.385602176189422607e-01,-7.402177900075912476e-02
5.231397747993469238e-01,-3.680195510387420654e-01
-3.848242759704589844e-01,-5.022850632667541504e-02
6.286952495574951172e-01,5.982195734977722168e-01
-4.518676549196243286e-02,1.945364624261856079e-01
3.013642728328704834e-01,6.502770185470581055e-01
3.875733613967895508e-01,6.639783382415771484e-01
7.039203643798828125e-01,6.574534177780151367e-01
3.307799994945526123e-01,6.514676809310913086e-01
6.001828312873840332e-01,4.845634996891021729e-01
5.029734969139099121e-01,6.407872438430786133e-01
8.168625831604003906e-01,7.682029604911804199e-01
4.767588675022125244e-01,8.022306561470031738e-01
5.195338726043701172e-01,5.269358754158020020e-01
2.435144782066345215e-01,5.128357410430908203e-01
5.333380103111267090e-01,7.783439159393310547e-01
4.684910476207733154e-01,5.793985128402709961e-01
5.949789285659790039e-01,2.799186408519744873e-01
8.081230521202087402e-01,4.223073720932006836e-01
5.832086801528930664e-01,1.623329222202301025e-01
5.318762063980102539e-01,-4.713784158229827881e-01
6.127331852912902832e-01,-2.743806242942810059e-01
4.750730097293853760e-01,1.012882217764854431e-02
6.215732097625732422e-01,6.063872575759887695e-01
2.891670465469360352e-01,5.105988979339599609e-01
3.618786036968231201e-01,6.464328765869140625e-01
6.586678624153137207e-01,5.007009506225585938e-01
3.337669000029563904e-02,2.351003140211105347e-01
5.254924893379211426e-01,8.874352574348449707e-01
4.466391801834106445e-01,7.319014072418212891e-01
6.511386632919311523e-01,6.409324407577514648e-01
5.692954063415527344e-01,1.823774725198745728e-01
6.520537734031677246e-01,-3.596534729003906250e-01
5.839362144470214844e-01,-4.095534682273864746e-01
5.317509174346923828e-01,8.248824477195739746e-01
3.236665427684783936e-01,6.186701059341430664e-01
4.756543636322021484e-01,1.538425032049417496e-02
2.393250018358230591e-01,4.854944050312042236e-01
1.188697293400764465e-01,3.495292365550994873e-02
7.043861150741577148e-01,4.313777685165405273e-01
5.426049232482910156e-01,8.859524130821228027e-01
5.422583222389221191e-01,8.173867464065551758e-01
-2.790445089340209961e-01,-4.303477108478546143e-01
6.416442990303039551e-01,1.440613716840744019e-01
2.361190021038055420e-01,5.235733985900878906e-01
6.573655009269714355e-01,2.347342967987060547e-01
4.575644433498382568e-01,-1.195858046412467957e-02
4.379008412361145020e-01,5.944887399673461914e-01
5.718480944633483887e-01,6.728572249412536621e-01
6.981617212295532227e-01,6.074452400207519531e-01
7.932019829750061035e-01,4.335911273956298828e-01
4.313839673995971680e-01,6.913867592811584473e-01
6.760826706886291504e-01,3.981833457946777344e-01
5.109351277351379395e-01,8.101320266723632812e-01
2.535037398338317871e-01,6.005976200103759766e-01
-2.799873650074005127e-01,-4.899576902389526367e-01
6.698844432830810547e-01,-3.833915591239929199e-01
6.094892621040344238e-01,1.487906873226165771e-01
3.241805434226989746e-01,6.265888214111328125e-01
6.740757226943969727e-01,6.271507143974304199e-01
4.651883840560913086e-01,8.129960894584655762e-01
4.361669421195983887e-01,7.007627487182617188e-01
5.706650018692016602e-01,8.040266036987304688e-01
4.046997055411338806e-02,-7.102630734443664551e-01
6.931396126747131348e-01,2.362326979637145996e-01
5.974886193871498108e-02,2.254197150468826294e-01
7.443974018096923828e-01,4.346087574958801270e-01
3.093287050724029541e-01,5.153282880783081055e-01
4.927321076393127441e-01,8.500002026557922363e-01
5.338876247406005859e-01,7.848376035690307617e-01
4.702167809009552002e-01,7.979754209518432617e-01
6.421678066253662109e-01,5.195925235748291016e-01
3.237577974796295166e-01,5.893747806549072266e-01
6.176133155822753906e-01,5.269190669059753418e-01
3.703840076923370361e-01,6.072798371315002441e-01
3.729739189147949219e-01,7.026662230491638184e-01
5.833907723426818848e-01,2.324791252613067627e-01
2.613064646720886230e-01,5.384999513626098633e-01
4.903340935707092285e-01,7.040135264396667480e-01
9.771067649126052856e-02,2.247135341167449951e-01
6.531155705451965332e-01,6.582399606704711914e-01
4.642686545848846436e-01,8.552489876747131348e-01
6.241281628608703613e-01,6.150672435760498047e-01
6.190639138221740723e-01,6.713529825210571289e-01
6.170343756675720215e-01,1.575753986835479736e-01
-2.381496727466583252e-01,-3.650372922420501709e-01
5.168120265007019043e-01,6.675988435745239258e-01
6.797320842742919922e-01,3.610072433948516846e-01
3.146890699863433838e-01,6.332546472549438477e-01
4.923472702503204346e-01,6.743957996368408203e-01
3.527205586433410645e-01,6.104838252067565918e-01
2.044946551322937012e-01,4.806589484214782715e-01
3.737863898277282715e-01,6.507130265235900879e-01
7.401993274688720703e-01,5.798862576484680176e-01
4.518736600875854492e-01,6.816892027854919434e-01
6.324742436408996582e-01,4.468308687210083008e-01
2.290159761905670166e-01,5.503301024436950684e-01
1.077780202031135559e-01,2.063809633255004883e-01
2.958347797393798828e-01,4.804828166961669922e-01
-2.464522123336791992e-01,-6.148586422204971313e-02
1.807571761310100555e-02,-7.803899049758911133e-01
3.594067990779876709e-01,6.119729876518249512e-01
5.317957401275634766e-01,8.050454258918762207e-01
-3.765453025698661804e-02,1.701672524213790894e-01
6.761487126350402832e-01,6.800645589828491211e-01
6.504042148590087891e-01,6.795915365219116211e-01
-3.080369830131530762e-01,1.211889367550611496e-02
2.734967470169067383e-01,6.060557961463928223e-01
5.568499565124511719e-01,8.899639248847961426e-01
7.039873003959655762e-01,6.508355140686035156e-01
-1.101963743567466736e-01,-9.558691829442977905e-02
6.752425432205200195e-01,6.226089000701904297e-01
4.199496805667877197e-01,9.039403498172760010e-02
7.839017510414123535e-01,5.040232539176940918e-01
1.418597847223281860e-01,4.542552679777145386e-02
6.639408469200134277e-01,3.480942547321319580e-01
1.851201057434082031e-02,1.927568316459655762e-01
5.527810454368591309e-01,2.435673922300338745e-01
5.016121268272399902e-01,6.755886077880859375e-01
6.134302616119384766e-01,5.811105370521545410e-01
4.650445580482482910e-01,3.882169425487518311e-01
6.608319878578186035e-01,6.134933233261108398e-01
4.896851480007171631e-01,5.075590610504150391e-01
-4.604811668395996094e-01,-8.833805322647094727e-01
6.882286071777343750e-01,4.570162594318389893e-01
5.063011646270751953e-01,5.299921631813049316e-01
6.121746301651000977e-01,4.551537930965423584e-01
5.706236958503723145e-01,2.694655060768127441e-01
3.735282123088836670e-01,6.293120384216308594e-01
2.953451275825500488e-01,6.113604307174682617e-01
1.254361867904663086e-01,2.223615050315856934e-01
8.094213604927062988e-01,7.244439721107482910e-01
5.777487158775329590e-01,2.137596011161804199e-01
9.269954264163970947e-02,1.937696188688278198e-01
5.010415315628051758e-01,8.544564247131347656e-01
3.313069343566894531e-01,6.383568644523620605e-01
4.079508781433105469e-01,5.855283141136169434e-01
6.162467002868652344e-01,-4.016014337539672852e-01
5.413011312484741211e-01,5.531132817268371582e-01
2.794852852821350098e-01,5.922974348068237305e-01
4.380511045455932617e-01,4.509989172220230103e-02
7.369998693466186523e-01,3.663736581802368164e-01
-9.746097773313522339e-02,-2.866494953632354736e-01
6.293497681617736816e-01,5.917478799819946289e-01
2.916643619537353516e-01,6.138488054275512695e-01
2.698375284671783447e-01,5.937330722808837891e-01
6.197754740715026855e-01,1.234067901968955994e-01
3.192243874073028564e-01,5.201539993286132812e-01
6.540339589118957520e-01,-5.380228757858276367e-01
5.488963127136230469e-01,-4.043416380882263184e-01
3.987521231174468994e-01,6.474195718765258789e-01
2.237705886363983154e-01,4.656034111976623535e-01
-3.963646888732910156e-01,-5.088542103767395020e-01
2.440569400787353516e-01,5.943747982382774353e-02
6.863634586334228516e-01,6.807683110237121582e-01
4.619002342224121094e-01,7.107619047164916992e-01
4.781500697135925293e-01,-3.594768047332763672e-02
5.003618001937866211e-01,8.114907145500183105e-01
6.564990282058715820e-01,5.916354060173034668e-01
2.417927235364913940e-01,6.118417978286743164e-01
-3.000882267951965332e-01,-4.862146973609924316e-01
5.179244875907897949e-01,8.103275895118713379e-01
3.618417382240295410e-01,6.557703018188476562e-01
7.029495388269424438e-02,2.188000380992889404e-01
5.822715759277343750e-01,1.962409764528274536e-01
5.175957083702087402e-01,-3.424451351165771484e-01
6.602055579423904419e-02,2.086728662252426147e-01
4.954110682010650635e-01,5.263597965240478516e-01
4.734853506088256836e-01,8.092644810676574707e-01
9.202388674020767212e-02,1.983032375574111938e-01
1.111251488327980042e-01,2.249324880540370941e-02
8.100576996803283691e-01,4.197933673858642578e-01
5.385169386863708496e-01,8.051101565361022949e-01
3.065613210201263428e-01,6.057783961296081543e-01
6.337826848030090332e-01,6.018727421760559082e-01
6.166663765907287598e-01,1.870025247335433960e-01
5.612826347351074219e-01,8.840563893318176270e-01
-5.473170801997184753e-02,1.821624785661697388e-01
9.860820323228836060e-02,1.967636048793792725e-01
7.420529723167419434e-01,7.363851070404052734e-01
3.105260431766510010e-01,5.302310585975646973e-01
7.922366261482238770e-01,4.333587288856506348e-01
-4.846829771995544434e-01,-5.440590381622314453e-01
6.061879396438598633e-01,2.330934405326843262e-01
4.531217813491821289e-01,1.619064807891845703e-02
-1.160016208887100220e-01,1.636861115694046021e-01
3.005282878875732422e-01,-1.386992037296295166e-01
5.754588842391967773e-01,2.540040910243988037e-01
8.037430644035339355e-01,4.735197722911834717e-01
7.188112735748291016e-01,5.356119275093078613e-01
7.192444205284118652e-01,4.775893390178680420e-01
5.917173624038696289e-01,-5.355843901634216309e-01
4.662520885467529297e-01,7.453044056892395020e-01
6.313180327415466309e-01,-3.227312266826629639e-01
8.576454967260360718e-02,-8.534030988812446594e-03
5.167791247367858887e-01,8.450458645820617676e-01
6.008930206298828125e-01,1.831165999174118042e-01
1.292431205511093140e-01,1.795469969511032104e-02
1.247530803084373474e-01,2.354692518711090088e-01
4.764756560325622559e-01,7.943387031555175781e-01
5.944864153861999512e-01,-2.455139309167861938e-01
5.283740162849426270e-01,-3.633718490600585938e-01
6.835409402847290039e-01,3.574630022048950195e-01
-4.535424709320068359e-01,-1.005691289901733398e-01
1.758511513471603394e-01,4.553277418017387390e-02
6.941994428634643555e-01,5.858166217803955078e-01
6.586250662803649902e-01,1.824543178081512451e-01
5.842109322547912598e-01,-3.179923593997955322e-01
4.673805236816406250e-01,8.766860961914062500e-01
4.446964859962463379e-01,7.718428373336791992e-01
8.120003342628479004e-01,4.142028093338012695e-01
2.990998625755310059e-01,4.717918634414672852e-01
5.637449622154235840e-01,2.100950628519058228e-01
-1.225828751921653748e-01,-3.410516083240509033e-01
6.156730651855468750e-01,1.698954105377197266e-01
2.465108484029769897e-01,-6.730132102966308594e-01
-1.928341537714004517e-01,-4.581374302506446838e-02
4.885877370834350586e-01,7.869492769241333008e-01
6.553468108177185059e-01,5.186511874198913574e-01
-1.165210530161857605e-01,1.926402151584625244e-01
4.555750787258148193e-01,5.052229166030883789e-01
6.893952488899230957e-01,6.642041802406311035e-01
6.584189534187316895e-01,5.852636694908142090e-01
5.516812205314636230e-01,-5.917825102806091309e-01
1.772477775812149048e-01,4.336031153798103333e-02
6.993958353996276855e-01,3.480409383773803711e-01
6.842854619026184082e-01,6.179560422897338867e-01
6.651921272277832031e-01,5.961054563522338867e-01
5.225104689598083496e-01,6.845724582672119141e-01
6.863811612129211426e-01,5.322120785713195801e-01
5.009524822235107422e-01,8.497028350830078125e-01
4.780648052692413330e-01,8.532286882400512695e-01
5.259248018264770508e-01,4.152178764343261719e-01
3.478546440601348877e-01,6.528630852699279785e-01
4.311522245407104492e-01,4.020770639181137085e-02
2.282616198062896729e-01,7.138506323099136353e-02
7.220698595046997070e-01,5.934774875640869141e-01
5.122974514961242676e-01,8.632228374481201172e-01
9.467300027608871460e-02,2.247567474842071533e-02
4.998973608016967773e-01,8.392967581748962402e-01
3.447619378566741943e-01,6.665232181549072266e-01
-1.315670013427734375e-01,-1.655613631010055542e-02
2.875705063343048096e-01,5.695405602455139160e-01
3.028889000415802002e-01,5.501536130905151367e-01
1.980726122856140137e-01,4.580178260803222656e-01
3.354130089282989502e-01,5.805589556694030762e-01
2.495738267898559570e-01,5.922020077705383301e-01
7.087725996971130371e-01,3.713957071304321289e-01
5.170893669128417969e-01,8.068135380744934082e-01
1.276054382324218750e-01,2.379565536975860596e-01
3.420640826225280762e-01,5.818658471107482910e-01
-3.056867718696594238e-01,-4.898298680782318115e-01
3.340148925781250000e-01,6.033719182014465332e-01
1.463049799203872681e-01,2.428722083568572998e-01
6.050025224685668945e-01,2.157152593135833740e-01
4.588553011417388916e-01,6.483312249183654785e-01
2.620456218719482422e-01,7.923293113708496094e-02
5.206021666526794434e-01,7.336800098419189453e-01
-1.052573230117559433e-02,-3.858943656086921692e-02
5.129667520523071289e-01,7.775124907493591309e-01
4.719910919666290283e-01,8.297615647315979004e-01
7.922087907791137695e-01,4.630292057991027832e-01
2.989425361156463623e-01,5.274752974510192871e-01
5.157942175865173340e-01,8.289433121681213379e-01
-1.528370231389999390e-01,-1.052463948726654053e-01
4.699739813804626465e-01,4.542461633682250977e-01
6.649791598320007324e-01,4.519724249839782715e-01
3.188263177871704102e-01,5.421291589736938477e-01
2.941840887069702148e-01,5.327543616294860840e-01
4.539710581302642822e-01,6.941488385200500488e-01
-2.627871334552764893e-01,-3.577346801757812500e-01
-1.023188531398773193e-01,1.837343350052833557e-02
7.336978316307067871e-01,7.184776067733764648e-01
3.676134049892425537e-01,-5.608338117599487305e-01
3.979253768920898438e-01,6.164273619651794434e-01
6.920683979988098145e-01,6.470503211021423340e-01
5.807477235794067383e-01,5.579189658164978027e-01
5.729352831840515137e-01,2.163328975439071655e-01
5.215432047843933105e-01,7.790274620056152344e-01
2.610913217067718506e-01,5.390696525573730469e-01
6.755819916725158691e-01,6.131809949874877930e-01
7.037618756294250488e-01,5.383985042572021484e-01
5.002657175064086914e-01,8.078566789627075195e-01
4.901482164859771729e-01,6.920031309127807617e-01
1.067020967602729797e-01,2.503695711493492126e-02
6.156073212623596191e-01,-3.147678971290588379e-01
5.715259909629821777e-01,2.024410665035247803e-01
-5.440276488661766052e-02,1.043043956160545349e-01
7.066605687141418457e-01,6.564904451370239258e-01
3.025804460048675537e-02,2.041603773832321167e-01
1.006515603512525558e-02,-2.063540071249008179e-01
6.994193792343139648e-01,4.382333457469940186e-01
4.921588897705078125e-01,8.227688074111938477e-01
2.861182689666748047e-01,5.091845393180847168e-01
6.389549374580383301e-01,6.087967753410339355e-01
1.174067705869674683e-01,2.460727989673614502e-01
5.197536349296569824e-01,4.143105149269104004e-01
4.950815439224243164e-01,7.259507775306701660e-01
4.579400718212127686e-01,6.768960356712341309e-01
5.334482789039611816e-01,8.071234822273254395e-01
1.074248999357223511e-01,-8.475682139396667480e-01
3.141463696956634521e-01,6.662335395812988281e-01
6.680887341499328613e-01,6.146507859230041504e-01
7.212469577789306641e-01,3.475703895092010498e-01
5.733793377876281738e-01,2.040308266878128052e-01
3.432981371879577637e-01,6.234814524650573730e-01
6.549379229545593262e-01,6.094220876693725586e-01
3.416530191898345947e-01,6.077751517295837402e-01
4.938509762287139893e-01,3.192113339900970459e-02
2.933793067932128906e-01,5.604925751686096191e-01
4.860144555568695068e-01,7.060762643814086914e-01
5.187612175941467285e-01,7.841254472732543945e-01
-2.290146350860595703e-01,1.299241092056035995e-02
-3.922582864761352539e-01,-1.000015884637832642e-01
5.169823765754699707e-01,5.592761635780334473e-01
5.286641716957092285e-01,-6.409969925880432129e-01
7.596377730369567871e-01,3.836961090564727783e-01
5.719965100288391113e-01,8.642739653587341309e-01
6.375994682312011719e-01,5.847481489181518555e-01
6.184034943580627441e-01,1.947476118803024292e-01
3.082701563835144043e-01,5.698083043098449707e-01
4.904257357120513916e-01,8.297683000564575195e-01
3.500234186649322510e-01,6.506344079971313477e-01
2.663661837577819824e-01,5.345476865768432617e-01
7.043555378913879395e-01,6.020206809043884277e-01
6.175802946090698242e-01,2.387374490499496460e-01
4.838958084583282471e-01,7.182239890098571777e-01
6.872321963310241699e-01,4.494736194610595703e-01
6.230254173278808594e-01,-4.407451152801513672e-01
4.807944595813751221e-01,7.838696241378784180e-01
4.173575937747955322e-01,2.825506031513214111e-03
1.821468174457550049e-01,4.466934129595756531e-02
6.385337114334106445e-01,1.878664791584014893e-01
-2.134440541267395020e-01,-2.579195797443389893e-02
4.456706047058105469e-01,6.572584509849548340e-01
7.604365944862365723e-01,6.609168052673339844e-01
3.336021006107330322e-01,6.383593082427978516e-01
7.505536079406738281e-01,5.019662976264953613e-01
4.462011456489562988e-01,6.558232009410858154e-02
5.124241113662719727e-01,8.665223121643066406e-01
5.775443315505981445e-01,-5.991856455802917480e-01
3.079991936683654785e-01,5.422114729881286621e-01
-3.721758350729942322e-02,2.162719815969467163e-01
6.618675589561462402e-01,5.332775115966796875e-01
1.506764590740203857e-01,-6.765424041077494621e-04
2.723328173160552979e-01,5.278853178024291992e-01
5.990852713584899902e-01,1.895970851182937622e-01
1.067315265536308289e-01,4.273844882845878601e-02
2.980799674987792969e-01,-6.529209017753601074e-01
-5.084093213081359863e-01,7.359818220138549805e-01
6.529174447059631348e-01,6.495390534400939941e-01
-3.165553212165832520e-01,-3.871275484561920166e-02
5.857722759246826172e-01,-5.082823038101196289e-01
8.733610063791275024e-02,2.173956483602523804e-01
1.520635485649108887e-01,-7.544943094253540039e-01
6.482509374618530273e-01,5.904947519302368164e-01
8.743812143802642822e-02,5.132374167442321777e-02
6.180852651596069336e-01,2.198510169982910156e-01
7.192838191986083984e-01,6.127036809921264648e-01
5.020866990089416504e-01,8.106937408447265625e-01
2.887763977050781250e-01,6.131297349929809570e-01
7.248376607894897461e-01,4.703009128570556641e-01
1.300638169050216675e-01,3.804546594619750977e-02
8.199024796485900879e-01,4.656395018100738525e-01
4.185856878757476807e-01,-8.353157900273799896e-03
5.316032767295837402e-01,6.735646724700927734e-01
3.670044243335723877e-01,-6.685609221458435059e-01
4.720315337181091309e-01,3.147658109664916992e-01
6.785960197448730469e-01,5.892349481582641602e-01
5.276862978935241699e-01,6.657283306121826172e-01
1.737776584923267365e-02,1.982191205024719238e-01
2.891849577426910400e-01,5.134369134902954102e-01
4.584456086158752441e-01,3.671596646308898926e-01
7.206178903579711914e-01,2.285097092390060425e-01
6.295363306999206543e-01,2.163090854883193970e-01
4.864387214183807373e-01,8.565207719802856445e-01
4.310581088066101074e-01,-3.852422535419464111e-02
4.522433280944824219e-01,6.269122958183288574e-01
7.258067131042480469e-01,6.632077097892761230e-01
5.848763585090637207e-01,2.108484506607055664e-01
3.340820670127868652e-01,6.103068590164184570e-01
1.572861820459365845e-01,4.056710004806518555e-02
2.375255227088928223e-01,5.910764932632446289e-01
6.658579707145690918e-01,4.413357675075531006e-01
-1.895383447408676147e-01,-1.301697827875614166e-02
4.628948867321014404e-01,5.251302123069763184e-01
1.215837225317955017e-01,1.695839166641235352e-01
7.698850631713867188e-01,6.605343222618103027e-01
4.549588859081268311e-01,7.047395706176757812e-01
2.208973914384841919e-01,5.443407893180847168e-01
7.164850831031799316e-01,5.613202452659606934e-01
-5.676746964454650879e-01,-4.999510943889617920e-01
4.656524658203125000e-01,7.113056182861328125e-01
4.655020534992218018e-01,2.329847216606140137e-02
-1.856881678104400635e-01,-5.091474391520023346e-03
6.908153295516967773e-01,3.842923939228057861e-01
5.321828126907348633e-01,7.715508341789245605e-01
1.083735972642898560e-01,-8.304193615913391113e-01
5.036821961402893066e-01,6.772384047508239746e-01
5.296010375022888184e-01,7.059029936790466309e-01
4.134968221187591553e-01,-6.156968474388122559e-01
-3.136966824531555176e-01,-1.864485442638397217e-02
6.602500081062316895e-01,5.007435679435729980e-01
4.730013012886047363e-01,3.954190015792846680e-01
7.954440116882324219e-01,5.379844903945922852e-01
2.968832552433013916e-01,6.077201962471008301e-01
6.931170821189880371e-01,6.149623990058898926e-01
5.691698789596557617e-01,8.200140595436096191e-01
7.867902517318725586e-01,4.084640443325042725e-01
4.564585089683532715e-01,8.758189082145690918e-01
5.024892091751098633e-01,-4.348376393318176270e-01
3.987240791320800781e-01,5.591111183166503906e-01
3.282128870487213135e-01,6.138765215873718262e-01
1.397464722394943237e-01,2.347510308027267456e-02
4.205009043216705322e-01,2.160720899701118469e-02
6.869026422500610352e-01,6.569016575813293457e-01
6.394345760345458984e-01,5.362164974212646484e-01
6.710299849510192871e-01,5.332332253456115723e-01
6.868274211883544922e-01,6.945897340774536133e-01
7.809970378875732422e-01,7.046481966972351074e-01
6.703026890754699707e-01,5.675561428070068359e-01
6.110938191413879395e-01,5.174799561500549316e-01
1.380719691514968872e-01,1.831030286848545074e-02
5.290455222129821777e-01,-3.278276324272155762e-01
2.751862108707427979e-01,5.228784084320068359e-01
-2.561614215373992920e-01,-1.052068080753087997e-02
5.316757559776306152e-01,8.221604228019714355e-01
7.722590565681457520e-01,7.337782979011535645e-01
6.384521722793579102e-01,6.212717294692993164e-01
4.944517612457275391e-01,8.316653370857238770e-01
1.121495068073272705e-01,2.725430727005004883e-01
-3.245629966259002686e-01,-4.051069617271423340e-01
-4.749801456928253174e-01,-5.136178731918334961e-01
7.151833176612854004e-01,4.764038026332855225e-01
4.413365125656127930e-01,7.193402051925659180e-01
-4.001312255859375000e-01,-4.325316548347473145e-01
-2.986558079719543457e-01,-4.639609754085540771e-01
7.894121408462524414e-01,3.893246352672576904e-01
4.775020182132720947e-01,5.299595594406127930e-01
1.060960441827774048e-01,4.207338765263557434e-02
4.479991495609283447e-01,3.479974567890167236e-01
6.809625774621963501e-02,-5.162803921848535538e-03
6.989072561264038086e-01,6.324191093444824219e-01
5.878452658653259277e-01,2.974982559680938721e-01
3.875147402286529541e-01,6.572741866111755371e-01
6.386696100234985352e-01,2.031086683273315430e-01
7.579911947250366211e-01,4.691289663314819336e-01
2.521856315433979034e-02,1.643000394105911255e-01
6.829084157943725586e-01,4.056489169597625732e-01
5.065749287605285645e-01,8.625386357307434082e-01
4.440692663192749023e-01,7.570825219154357910e-01
6.542889475822448730e-01,6.142895221710205078e-01
4.954452812671661377e-01,8.795365095138549805e-01
1.425304710865020752e-01,-8.258455991744995117e-01
6.982729434967041016e-01,4.280472099781036377e-01
7.346593141555786133e-01,7.094163298606872559e-01
6.016355752944946289e-01,2.758770287036895752e-01
2.561593055725097656e-01,5.126534700393676758e-01
-4.110873937606811523e-01,-4.653127193450927734e-01
6.585997939109802246e-01,6.456218361854553223e-01
-9.690015763044357300e-02,-6.848706603050231934e-01
2.991277277469635010e-01,5.939505100250244141e-01
5.887877345085144043e-01,2.004247009754180908e-01
3.363659381866455078e-01,6.344552040100097656e-01
4.904833137989044189e-01,7.290236353874206543e-01
5.473741888999938965e-01,8.287393450736999512e-01
5.278454422950744629e-01,8.325668573379516602e-01
6.662546992301940918e-01,2.110724151134490967e-01
-3.879304230213165283e-02,2.066711783409118652e-01
4.626310467720031738e-01,7.098346948623657227e-02
3.306820988655090332e-01,5.640521049499511719e-01
4.347739815711975098e-01,-7.475134730339050293e-02
1.634519100189208984e-01,5.415822938084602356e-02
-2.056329697370529175e-01,-6.421587616205215454e-02
-1.680381298065185547e-01,1.236296817660331726e-02
6.933456063270568848e-01,6.119086146354675293e-01
5.936880595982074738e-03,2.318787425756454468e-01
3.270393610000610352e-01,6.379806399345397949e-01
7.421078085899353027e-01,6.569516658782958984e-01
4.475600421428680420e-01,7.425947189331054688e-01
1.433807611465454102e-01,1.927794143557548523e-02
1.145736724138259888e-01,3.096158243715763092e-02
2.908835113048553467e-01,4.845200777053833008e-01
7.685689926147460938e-01,6.773218512535095215e-01
-4.338349699974060059e-01,-4.652866423130035400e-01
6.839912384748458862e-02,2.564837038516998291e-01
3.998416960239410400e-01,6.217117309570312500e-01
-2.891824766993522644e-02,1.819593310356140137e-01
-1.299181487411260605e-02,1.885915547609329224e-01
4.891991913318634033e-01,7.440701723098754883e-01
5.494520068168640137e-01,2.561059594154357910e-01
2.774976491928100586e-01,4.934982955455780029e-01
5.344722867012023926e-01,-4.273252189159393311e-01
6.644741296768188477e-01,-4.909173250198364258e-01
3.144890069961547852e-01,5.967341661453247070e-01
6.209001541137695312e-01,1.812611520290374756e-01
7.215239405632019043e-01,6.286908984184265137e-01
7.718358635902404785e-01,7.392780184745788574e-01
7.318382859230041504e-01,2.411867231130599976e-01
6.493208408355712891e-01,3.813714981079101562e-01
5.323728322982788086e-01,8.230985999107360840e-01
8.086858987808227539e-01,4.465431571006774902e-01
6.752240657806396484e-01,5.561685562133789062e-01
5.270358547568321228e-02,1.542536318302154541e-01
1.865632981061935425e-01,-8.376226425170898438e-01
4.390280246734619141e-01,8.552659302949905396e-02
5.303913354873657227e-01,6.681865453720092773e-01
2.418486177921295166e-01,5.792453885078430176e-01
2.455319762229919434e-01,4.744263887405395508e-01
4.746120572090148926e-01,8.128405809402465820e-01
2.914786338806152344e-01,5.897407531738281250e-01
6.244375109672546387e-01,1.614169478416442871e-01
6.970664858818054199e-01,3.847147822380065918e-01
-1.968084573745727539e-01,-4.692685976624488831e-02
-2.162256687879562378e-01,-4.134505242109298706e-02
7.056478261947631836e-01,6.047025322914123535e-01
5.856689214706420898e-01,-4.045883119106292725e-01
7.082734107971191406e-01,6.042844057083129883e-01
2.937988936901092529e-01,6.639688611030578613e-01
4.545741975307464600e-01,6.804233789443969727e-01
2.801067829132080078e-01,6.044159531593322754e-01
5.082948207855224609e-01,6.820525527000427246e-01
6.540554165840148926e-01,6.550011038780212402e-01
-4.136269390583038330e-01,-6.063766032457351685e-02
3.581507205963134766e-01,6.321983933448791504e-01
5.907892584800720215e-01,2.045769542455673218e-01
4.673630744218826294e-02,1.926337629556655884e-01
4.543057978153228760e-01,3.601922392845153809e-01
1.471061557531356812e-01,1.997354179620742798e-01
2.847610712051391602e-01,6.033322215080261230e-01
4.347564876079559326e-01,7.093888521194458008e-01
5.272188782691955566e-01,6.561083197593688965e-01
3.708131015300750732e-01,5.798680186271667480e-01
6.571791768074035645e-01,6.417040824890136719e-01
4.827067852020263672e-01,3.656025826930999756e-01
3.331478238105773926e-01,6.036798357963562012e-01
8.098387718200683594e-01,4.897476136684417725e-01
6.902685165405273438e-01,6.924653649330139160e-01
3.322360515594482422e-01,6.360034942626953125e-01
6.157355904579162598e-01,5.829892754554748535e-01
6.406512260437011719e-01,4.967813193798065186e-01
3.310102820396423340e-01,8.404739946126937866e-02
7.565956115722656250e-01,6.289768218994140625e-01
4.786467254161834717e-01,7.034003138542175293e-01
5.548935532569885254e-01,-2.884964346885681152e-01
3.877853229641914368e-02,1.788159608840942383e-01
6.015484035015106201e-02,2.141339629888534546e-01
5.533626079559326172e-01,6.556555628776550293e-01
8.210671544075012207e-01,4.170806407928466797e-01
3.718003332614898682e-01,-4.109091162681579590e-01
1.452711522579193115e-01,5.037803202867507935e-02
2.544263899326324463e-01,5.328950285911560059e-01
6.118952035903930664e-01,5.878794193267822266e-01
6.261779665946960449e-01,5.118658542633056641e-01
6.662058234214782715e-01,5.456892251968383789e-01
4.850929677486419678e-01,-2.595120482146739960e-02
5.159969329833984375e-01,8.366367816925048828e-01
6.668087840080261230e-01,5.689942836761474609e-01
4.842688441276550293e-01,7.634791731834411621e-01
6.717931628227233887e-01,3.504863977432250977e-01
6.361289620399475098e-01,5.637084245681762695e-01
7.852213382720947266e-01,7.133718132972717285e-01
7.558833956718444824e-01,3.970112502574920654e-01
5.940577387809753418e-01,1.685485839843750000e-01
7.135385870933532715e-01,6.299837827682495117e-01
-2.033714577555656433e-02,1.935301870107650757e-01
7.088845372200012207e-01,6.356168985366821289e-01
6.570864319801330566e-01,6.336306333541870117e-01
-2.091336809098720551e-02,1.569989025592803955e-01
7.409977912902832031e-01,5.358417630195617676e-01
3.033989965915679932e-01,6.176513433456420898e-01
4.932225048542022705e-01,8.757597208023071289e-01
4.316276609897613525e-01,-5.800164341926574707e-01
-3.712903857231140137e-01,-4.115744531154632568e-01
6.626862883567810059e-01,2.379958331584930420e-01
4.838038682937622070e-01,8.329583704471588135e-02
4.317858219146728516e-01,7.415910363197326660e-01
7.905420064926147461e-01,5.097232460975646973e-01
5.265399813652038574e-02,2.096551060676574707e-01
6.558088660240173340e-01,6.362757086753845215e-01
6.834050416946411133e-01,3.564321696758270264e-01
6.590322256088256836e-01,3.553949892520904541e-01
4.824138879776000977e-01,6.872254610061645508e-01
4.229153394699096680e-01,6.933065652847290039e-01
2.533213794231414795e-01,5.217164754867553711e-01
4.700373113155364990e-01,6.357066035270690918e-01
-3.324551582336425781e-01,-4.953419864177703857e-01
6.865563988685607910e-01,5.478149652481079102e-01
6.028357744216918945e-01,2.056045085191726685e-01
-5.839924216270446777e-01,7.515754103660583496e-01
4.438658058643341064e-01,7.164384722709655762e-01
5.928501486778259277e-01,1.722944825887680054e-01
6.635473966598510742e-01,5.758051276206970215e-01
7.011705636978149414e-01,6.847383975982666016e-01
-1.650348864495754242e-02,2.050751000642776489e-01
1.283462494611740112e-01,-6.916719079017639160e-01
5.602429509162902832e-01,-5.161743164062500000e-01
5.502492785453796387e-01,7.618197798728942871e-01
5.989491343498229980e-01,-2.137701511383056641e-01
5.586099624633789062e-01,5.888348221778869629e-01
8.084029555320739746e-01,7.420323491096496582e-01
5.328821539878845215e-01,8.024263978004455566e-01
3.265410959720611572e-01,6.001557707786560059e-01
4.971180856227874756e-01,-5.230767726898193359e-01
6.628506779670715332e-01,3.493140339851379395e-01
2.938719093799591064e-01,6.116478443145751953e-01
5.352913737297058105e-01,6.746535301208496094e-01
7.308626174926757812e-01,6.971511840820312500e-01
9.520369581878185272e-03,1.016455143690109253e-02
4.784659147262573242e-01,6.561027169227600098e-01
3.081983625888824463e-01,5.995352268218994141e-01
4.952014088630676270e-01,6.731390357017517090e-01
2.964369058609008789e-01,6.038688421249389648e-01
4.435398280620574951e-01,7.358155846595764160e-01
6.813108325004577637e-01,5.940941572189331055e-01
3.356176912784576416e-01,9.515072405338287354e-02
8.145189285278320312e-01,7.771886587142944336e-01
7.072964310646057129e-01,2.262163758277893066e-01
3.606225848197937012e-01,6.288161277770996094e-01
2.830834090709686279e-01,5.941679477691650391e-01
1.921191364526748657e-01,1.019616890698671341e-02
3.146145045757293701e-01,6.883509755134582520e-01
3.882235586643218994e-01,-6.644735485315322876e-02
4.604817926883697510e-02,-3.873069956898689270e-02
4.188703000545501709e-01,-4.780664145946502686e-01
7.816764116287231445e-01,4.107626080513000488e-01
5.709682106971740723e-01,1.799764037132263184e-01
5.832712054252624512e-01,1.968439966440200806e-01
-1.746164560317993164e-01,1.288556903600692749e-01
-3.830037117004394531e-01,-7.618888467550277710e-02
4.678066670894622803e-01,7.150259017944335938e-01
2.327704280614852905e-01,4.468243718147277832e-01
7.319887280464172363e-01,4.561824500560760498e-01
4.566882848739624023e-01,7.121955156326293945e-01
1.632690876722335815e-01,-5.453428253531455994e-03
5.214870572090148926e-01,2.286013364791870117e-01
2.435185164213180542e-01,-7.229372859001159668e-01
2.254299968481063843e-01,4.891214072704315186e-01
4.377329945564270020e-01,6.910379528999328613e-01
6.282436847686767578e-01,5.420103669166564941e-01
4.788050651550292969e-01,6.142771616578102112e-02
5.265104174613952637e-01,8.093098998069763184e-01
5.353837832808494568e-02,2.482992708683013916e-01
1.213286295533180237e-01,-7.057892680168151855e-01
5.423602461814880371e-01,6.839510798454284668e-01
4.280405342578887939e-01,-5.028398633003234863e-01
7.899389863014221191e-01,7.357585430145263672e-01
2.544850409030914307e-01,5.507965683937072754e-01
-2.910840511322021484e-01,-3.349493741989135742e-01
-2.905693650245666504e-01,-2.008580602705478668e-02
-4.409869015216827393e-01,6.782650351524353027e-01
-1.514125335961580276e-02,2.000778466463088989e-01
7.963778376579284668e-01,4.290099740028381348e-01
5.024716258049011230e-01,5.378526449203491211e-01
5.053932666778564453e-01,-6.570018529891967773e-01
-2.869237959384918213e-01,-5.084489285945892334e-02
5.878316760063171387e-01,2.385193556547164917e-01
5.890426039695739746e-01,1.949523538351058960e-01
3.062793910503387451e-01,6.170305609703063965e-01
-2.557757198810577393e-01,-6.623372435569763184e-02
7.749587893486022949e-01,7.418376803398132324e-01
2.549269795417785645e-01,6.013136506080627441e-01
2.510492503643035889e-01,5.668824315071105957e-01
3.317773640155792236e-01,6.131484508514404297e-01
7.654998898506164551e-01,7.200427055358886719e-01
6.969245076179504395e-01,5.830089449882507324e-01
9.210845828056335449e-02,2.500195205211639404e-01
5.255440473556518555e-01,8.153812885284423828e-01
-2.132793217897415161e-01,-6.503675132989883423e-02
5.039826631546020508e-01,6.793501973152160645e-01
-2.176015675067901611e-01,-2.813474275171756744e-02
2.845046520233154297e-01,6.239749193191528320e-01
-4.888828098773956299e-01,-8.652002811431884766e-01
8.241140842437744141e-01,4.371018111705780029e-01
4.189839065074920654e-01,5.887835621833801270e-01
1.835630536079406738e-01,5.305722355842590332e-01
5.268334746360778809e-01,8.020070791244506836e-01
2.801094055175781250e-01,4.919086992740631104e-01
-3.672241866588592529e-01,-2.236897498369216919e-02
5.142462849617004395e-01,7.941668033599853516e-01
5.524167418479919434e-01,2.180393487215042114e-01
-2.329421043395996094e-01,-6.029473245143890381e-02
3.200302720069885254e-01,5.770515799522399902e-01
2.733607292175292969e-01,5.738512873649597168e-01
4.601348936557769775e-01,7.333175539970397949e-01
-2.882947921752929688e-01,-7.163619995117187500e-02
4.798214733600616455e-01,8.337432742118835449e-01
7.275961637496948242e-01,6.487448811531066895e-01
2.908668220043182373e-01,6.474330425262451172e-01
-1.733971685171127319e-01,-5.328829959034919739e-02
6.154041290283203125e-01,1.930545568466186523e-01
5.227211117744445801e-01,2.148001194000244141e-01
5.067386031150817871e-01,5.532189607620239258e-01
4.087103605270385742e-01,5.992734432220458984e-01
6.508831679821014404e-02,2.185412496328353882e-02
6.737120151519775391e-01,3.151848614215850830e-01
2.624715566635131836e-01,4.825815558433532715e-01
5.177164077758789062e-01,7.568958997726440430e-01
8.948155492544174194e-02,1.979414373636245728e-01
2.541368007659912109e-01,5.321945548057556152e-01
-1.136024966835975647e-01,1.064503192901611328e-02
-5.792806670069694519e-02,-8.194602131843566895e-01
3.128093481063842773e-01,6.247383356094360352e-01
6.729530096054077148e-01,6.283466219902038574e-01
5.151176452636718750e-01,8.353288769721984863e-01
1.908135116100311279e-01,4.736175015568733215e-02
5.397574901580810547e-01,-3.780474960803985596e-01
8.326930552721023560e-02,1.704486459493637085e-01
2.700674533843994141e-01,5.437059998512268066e-01
2.375011444091796875e-01,4.986304342746734619e-01
2.078871428966522217e-01,6.796818226575851440e-02
3.904481828212738037e-01,5.928450226783752441e-01
4.591149687767028809e-01,6.824961900711059570e-01
-1.949566751718521118e-01,-1.136890240013599396e-02
6.433516144752502441e-01,6.626138091087341309e-01
-3.104892969131469727e-01,-4.893701076507568359e-01
7.628404498100280762e-01,3.502050638198852539e-01
2.656877040863037109e-01,5.903567075729370117e-01
5.344189405441284180e-01,7.010670304298400879e-01
6.573729515075683594e-01,2.001765370368957520e-01
2.025918364524841309e-01,-6.140623092651367188e-01
2.853118479251861572e-01,5.828638076782226562e-01
2.425665259361267090e-01,4.663360118865966797e-01
7.092093229293823242e-01,4.525862634181976318e-01
4.459716975688934326e-01,5.659680962562561035e-01
-8.372043073177337646e-02,1.464781463146209717e-01
6.047645211219787598e-01,1.735467016696929932e-01
7.339956164360046387e-01,6.764313578605651855e-01
2.492241263389587402e-01,5.621399879455566406e-01
6.221054792404174805e-01,5.843520760536193848e-01
3.036002516746520996e-01,5.802010893821716309e-01
3.881483376026153564e-01,-5.937409400939941406e-01
3.164449036121368408e-01,5.940850973129272461e-01
7.151610255241394043e-01,4.188463389873504639e-01
5.079708695411682129e-01,2.824970483779907227e-01
-8.721731603145599365e-02,1.571509391069412231e-01
-3.202847838401794434e-01,-1.283514034003019333e-02
-3.142562210559844971e-01,-4.163376390933990479e-01
5.968759059906005859e-01,-5.451514124870300293e-01
4.568200111389160156e-01,7.296608686447143555e-01
6.679139137268066406e-01,5.704703330993652344e-01
5.410646200180053711e-01,4.782631099224090576e-01
-2.088330686092376709e-01,-6.742022037506103516e-01
-1.958740176633000374e-03,-1.174823567271232605e-02
5.023100972175598145e-01,3.746504783630371094e-01
-5.830805748701095581e-02,1.776233166456222534e-01
2.721143066883087158e-01,5.634050369262695312e-01
4.781569540500640869e-01,2.822059392929077148e-02
5.221309065818786621e-01,6.705995798110961914e-01
4.251789748668670654e-01,6.622959375381469727e-01
9.133175760507583618e-02,1.931063532829284668e-01
1.015379503369331360e-01,2.319282144308090210e-01
2.269654870033264160e-01,4.826519787311553955e-01
4.902597069740295410e-01,7.171724438667297363e-01
3.764185607433319092e-01,6.485988497734069824e-01
-1.292345374822616577e-01,-5.651927739381790161e-02
9.547362476587295532e-02,1.625458709895610809e-02
6.165248155593872070e-01,-3.516107499599456787e-01
4.599442481994628906e-01,2.368768490850925446e-02
1.368787735700607300e-01,4.005973786115646362e-02
7.075359225273132324e-01,4.473343491554260254e-01
4.815621376037597656e-01,5.411207093857228756e-04
3.086612746119499207e-02,2.139895558357238770e-01
1.770159602165222168e-01,2.468788996338844299e-02
5.359768867492675781e-01,6.730974912643432617e-01
6.851681470870971680e-01,7.165316939353942871e-01
2.838657200336456299e-01,5.091997981071472168e-01
5.966279506683349609e-01,2.242764532566070557e-01
7.412713170051574707e-01,6.978829503059387207e-01
1.628749966621398926e-01,4.599636048078536987e-02
8.048272728919982910e-01,4.042748212814331055e-01
8.142369389533996582e-01,4.945633411407470703e-01
6.605881452560424805e-01,4.450100958347320557e-01
6.299068331718444824e-01,6.100115180015563965e-01
-2.687829434871673584e-01,-6.578551977872848511e-02
-1.022291332483291626e-01,1.685350686311721802e-01
2.831899821758270264e-01,5.112566947937011719e-01
4.422215223312377930e-01,5.967066884040832520e-01
8.028215169906616211e-01,7.386095523834228516e-01
-3.339661657810211182e-01,-4.098750650882720947e-02
4.621108174324035645e-01,7.128140330314636230e-01
6.931870430707931519e-02,-5.942528136074542999e-03
7.541517168283462524e-02,-9.532833471894264221e-03
-3.106882572174072266e-01,-6.523657590150833130e-02
-1.979958862066268921e-01,-3.667927086353302002e-01
3.045764267444610596e-01,4.950285553932189941e-01
3.060828745365142822e-01,5.646597743034362793e-01
6.523813605308532715e-01,6.349296569824218750e-01
6.802791953086853027e-01,4.080393314361572266e-01
5.308783650398254395e-01,-2.812317386269569397e-02
7.442259788513183594e-01,6.670153737068176270e-01
4.777240157127380371e-01,7.389938831329345703e-01
6.405092477798461914e-01,5.093114972114562988e-01
5.765789151191711426e-01,8.264458179473876953e-01
2.556194365024566650e-01,5.336865782737731934e-01
-1.052458658814430237e-01,2.224322706460952759e-01
6.118613854050636292e-02,-1.144766341894865036e-03
2.364511936902999878e-01,4.715432524681091309e-01
5.122132897377014160e-01,8.570879697799682617e-01
6.414185166358947754e-01,5.708365440368652344e-01
6.507448554039001465e-01,2.301559746265411377e-01
7.128250598907470703e-01,6.370901465415954590e-01
8.205108642578125000e-01,7.568461894989013672e-01
2.880813777446746826e-01,4.990267753601074219e-01
3.814845986198633909e-04,-2.863686978816986084e-01
7.925416827201843262e-01,4.325747787952423096e-01
8.273162841796875000e-01,4.253328442573547363e-01
4.063689112663269043e-01,6.652994751930236816e-01
6.294616460800170898e-01,5.750804543495178223e-01
3.204938769340515137e-01,5.828077793121337891e-01
2.453858107328414917e-01,5.176097154617309570e-01
6.113486886024475098e-01,-4.150502085685729980e-01
7.608064413070678711e-01,4.084948897361755371e-01
7.822907567024230957e-01,6.000939607620239258e-01
6.215590834617614746e-01,3.961692452430725098e-01
4.798647165298461914e-01,6.893675923347473145e-01
-3.122924640774726868e-02,-7.901593446731567383e-01
6.179848909378051758e-01,5.131618380546569824e-01
4.797088801860809326e-01,4.656892269849777222e-03
6.801488995552062988e-02,1.358689181506633759e-02
6.520239710807800293e-01,4.804360568523406982e-01
6.861197948455810547e-01,6.541762351989746094e-01
6.834361553192138672e-01,6.159122586250305176e-01
-2.653262913227081299e-01,-5.033853054046630859e-01
5.982080101966857910e-01,2.053540050983428955e-01
-6.677579134702682495e-02,-2.667171061038970947e-01
3.177657723426818848e-01,6.623429656028747559e-01
1.136537715792655945e-01,2.153702080249786377e-01
1.315637826919555664e-01,3.599796816706657410e-02
7.462301254272460938e-01,6.712889671325683594e-01
6.763799786567687988e-01,-3.911662995815277100e-01
4.754792451858520508e-01,2.944019250571727753e-02
7.915233373641967773e-01,6.420953273773193359e-01
1.814382523298263550e-01,5.932344496250152588e-02
4.940414428710937500e-01,7.879306674003601074e-01
4.852323532104492188e-01,7.458933591842651367e-01
5.052921175956726074e-01,8.005760312080383301e-01
5.609093308448791504e-01,2.289438843727111816e-01
-6.326922774314880371e-01,7.411960959434509277e-01
2.710781097412109375e-01,5.302024483680725098e-01
3.205060064792633057e-01,5.819492936134338379e-01
1.533024311065673828e-01,2.962560951709747314e-02
5.057153701782226562e-01,-4.833609461784362793e-01
2.355116307735443115e-01,5.548086166381835938e-01
4.666323363780975342e-01,6.930629014968872070e-01
5.253413915634155273e-01,1.886759996414184570e-01
1.385611742734909058e-01,5.021224543452262878e-02
6.556828618049621582e-01,-2.882879674434661865e-01
3.959945738315582275e-01,-5.690490007400512695e-01
4.817761778831481934e-01,8.469973802566528320e-01
-3.777007758617401123e-01,-9.086546301841735840e-02
6.736469864845275879e-01,6.416092514991760254e-01
5.788645148277282715e-01,-5.988975763320922852e-01
8.517392724752426147e-02,2.390528172254562378e-01
6.845934689044952393e-02,3.853005543351173401e-02
6.714814305305480957e-01,5.466465950012207031e-01
4.630638957023620605e-01,7.628931999206542969e-01
3.099249303340911865e-01,5.722957849502563477e-01
1.884791254997253418e-01,2.584878355264663696e-02
6.791189908981323242e-01,5.284366011619567871e-01
5.074421763420104980e-01,-1.189442537724971771e-02
2.374752908945083618e-01,4.824427366256713867e-01
6.959898471832275391e-01,5.500433444976806641e-01
5.283847451210021973e-01,6.749898195266723633e-01
8.195397853851318359e-01,4.138671457767486572e-01
9.066166728734970093e-02,2.008344084024429321e-01
6.652546525001525879e-01,5.885598659515380859e-01
-2.799158394336700439e-01,-3.576551005244255066e-02
5.598497390747070312e-01,1.960105597972869873e-01
4.757005274295806885e-01,5.219131112098693848e-01
5.978820323944091797e-01,5.366769433021545410e-01
5.687530040740966797e-01,6.499139070510864258e-01
-2.678056657314300537e-01,-5.980580672621726990e-02
6.240067481994628906e-01,-4.897183477878570557e-01
3.456874191761016846e-01,6.251226663589477539e-01
-5.228684544563293457e-01,-5.422518253326416016e-01
4.684611856937408447e-01,6.967073082923889160e-01
-2.776038050651550293e-01,-1.097882613539695740e-01
1.232561990618705750e-01,2.319723218679428101e-01
4.657683670520782471e-01,7.274425625801086426e-01
6.640183329582214355e-01,-4.761162698268890381e-01
4.922831654548645020e-01,7.372291088104248047e-01
1.210118830204010010e-01,4.342849180102348328e-02
5.604907274246215820e-01,-3.630958795547485352e-01
4.251341819763183594e-01,7.022690176963806152e-01
5.250690579414367676e-01,5.599804520606994629e-01
6.370911598205566406e-01,6.855555772781372070e-01
7.601073384284973145e-01,3.676559329032897949e-01
2.509890794754028320e-01,6.321185827255249023e-01
-1.948187947273254395e-01,1.281131953001022339e-01
4.276300072669982910e-01,7.285140156745910645e-01
4.900316894054412842e-01,7.541302442550659180e-01
5.259357094764709473e-01,2.337414920330047607e-01
4.822039902210235596e-01,4.183357208967208862e-02
6.571089029312133789e-01,6.040172576904296875e-01
-3.562340140342712402e-01,-4.165185615420341492e-02
-4.179612994194030762e-01,-4.887108206748962402e-01
6.844370365142822266e-01,6.791890859603881836e-01
7.847552895545959473e-01,3.537395000457763672e-01
2.229333370923995972e-01,1.342923659831285477e-02
7.873945236206054688e-01,6.172079443931579590e-01
8.187028169631958008e-01,4.763773977756500244e-01
2.849068306386470795e-02,1.447081714868545532e-01
2.026729434728622437e-01,4.447268843650817871e-01
7.967117428779602051e-01,4.483060538768768311e-01
-7.530657947063446045e-02,2.234323471784591675e-01
5.733368992805480957e-01,-3.535106480121612549e-01
-1.375024914741516113e-01,-1.618051901459693909e-02
2.701641321182250977e-01,4.829120337963104248e-01
5.817614197731018066e-01,-5.601214170455932617e-01
6.371225118637084961e-01,1.539989113807678223e-01
-3.119629621505737305e-01,-1.241695284843444824e-01
3.304302096366882324e-01,6.767897009849548340e-01
6.551172733306884766e-01,2.862237095832824707e-01
5.119742751121520996e-01,7.935267686843872070e-01
6.062085628509521484e-01,-2.206363677978515625e-01
6.337193846702575684e-01,6.088290214538574219e-01
6.860855221748352051e-01,1.601963192224502563e-01
-5.029090642929077148e-01,-5.138653516769409180e-01
6.283506155014038086e-01,-5.688059926033020020e-01
7.270333170890808105e-01,5.672934055328369141e-01
3.017239570617675781e-01,6.123021245002746582e-01
6.028007864952087402e-01,1.844784021377563477e-01
-5.258632302284240723e-01,-5.208314061164855957e-01
4.395702481269836426e-01,5.655711293220520020e-01
4.722185432910919189e-01,3.279926255345344543e-02
1.432623267173767090e-01,2.750357054173946381e-02
6.536058783531188965e-01,6.502701044082641602e-01
3.479138910770416260e-01,6.105593442916870117e-01
3.049734234809875488e-01,5.966889262199401855e-01
6.625555753707885742e-01,5.203896760940551758e-01
6.517226099967956543e-01,5.704467892646789551e-01
4.410567879676818848e-01,7.295442819595336914e-01
-1.797949075698852539e-01,-5.563874542713165283e-02
6.697525978088378906e-01,3.536866903305053711e-01
-3.168970644474029541e-01,-3.945951163768768311e-01
4.722639918327331543e-01,6.391173005104064941e-01
7.836786508560180664e-01,7.601522207260131836e-01
6.460894346237182617e-01,-3.603089451789855957e-01
4.321569949388504028e-02,1.561761349439620972e-01
6.667455434799194336e-01,6.964725852012634277e-01
3.000718653202056885e-01,4.800999462604522705e-01
-3.818667531013488770e-01,-5.175141692161560059e-01
5.112996101379394531e-01,7.035372853279113770e-01
2.025478184223175049e-01,4.327796995639801025e-01
-3.297559022903442383e-01,-3.794572055339813232e-01
4.689759612083435059e-01,7.284833788871765137e-01
6.498204469680786133e-01,2.043588012456893921e-01
6.388365030288696289e-01,5.238202214241027832e-01
-2.723416984081268311e-01,-3.265701979398727417e-02
7.721419334411621094e-01,6.948338747024536133e-01
7.172624468803405762e-01,4.670160114765167236e-01
4.822035729885101318e-01,8.922433257102966309e-01
-1.775338053703308105e-01,-7.175647467374801636e-02
7.629079222679138184e-01,6.826222538948059082e-01
7.258679270744323730e-01,6.275081634521484375e-01
5.949380397796630859e-01,-4.060858786106109619e-01
8.897531032562255859e-02,3.076379653066396713e-03
6.403242349624633789e-01,4.885009527206420898e-01
7.441618442535400391e-01,4.160636365413665771e-01
6.835315823554992676e-01,2.432066202163696289e-01
2.857019603252410889e-01,5.701993703842163086e-01
5.159339904785156250e-01,2.535589039325714111e-01
5.375642180442810059e-01,8.798004388809204102e-01
-1.156026273965835571e-01,3.233736753463745117e-02
4.950644075870513916e-01,-6.286672316491603851e-03
9.712465107440948486e-02,-1.101523172110319138e-03
1.294508278369903564e-01,5.095560476183891296e-02
7.052761912345886230e-01,4.530427455902099609e-01
7.392033338546752930e-01,6.411665081977844238e-01
5.701994299888610840e-01,6.346579790115356445e-01
7.361673712730407715e-01,2.813057005405426025e-01
3.369089365005493164e-01,5.834563970565795898e-01
-3.583662807941436768e-01,-4.781594276428222656e-01
1.222001388669013977e-01,1.270412700250744820e-03
3.179244399070739746e-01,6.012558341026306152e-01
6.747165918350219727e-01,6.484504342079162598e-01
6.068894267082214355e-01,1.412625759840011597e-01
3.953816741704940796e-02,2.506591975688934326e-01
6.974333524703979492e-01,6.552749872207641602e-01
7.788277268409729004e-01,4.054404199123382568e-01
7.004017829895019531e-01,5.838831663131713867e-01
5.107296705245971680e-01,6.485633254051208496e-01
6.550382357090711594e-03,1.116946060210466385e-02
3.495177924633026123e-01,6.304302215576171875e-01
-6.599347293376922607e-02,-8.019420504570007324e-01
3.166611790657043457e-01,5.266777873039245605e-01
7.163745164871215820e-01,6.558324098587036133e-01
6.861020326614379883e-01,5.943896174430847168e-01
5.230395793914794922e-01,7.058847546577453613e-01
-3.426621258258819580e-01,-3.572905063629150391e-02
-9.989120066165924072e-02,-3.423557803034782410e-02
3.198583424091339111e-01,2.128886729478836060e-01
5.079356431961059570e-01,8.928302526473999023e-01
5.632099509239196777e-01,6.416996717453002930e-01
-4.142408072948455811e-01,-4.901062548160552979e-01
-5.824036002159118652e-01,7.532846331596374512e-01
4.270800352096557617e-01,5.132308602333068848e-01
4.914332926273345947e-01,8.375421762466430664e-01
2.639946341514587402e-01,6.102246046066284180e-01
1.574087589979171753e-01,5.161889269948005676e-02
3.341766893863677979e-01,-5.891918540000915527e-01
3.969122171401977539e-01,1.080859377980232239e-01
2.760984003543853760e-02,2.326225340366363525e-01
2.838926613330841064e-01,5.630776286125183105e-01
7.883360385894775391e-01,7.199702262878417969e-01
6.164850592613220215e-01,-6.476436257362365723e-01
5.118798613548278809e-01,8.443886041641235352e-01
4.761242270469665527e-01,8.263946175575256348e-01
3.271826803684234619e-01,6.023486852645874023e-01
3.564690351486206055e-01,6.417704224586486816e-01
3.848945796489715576e-01,6.601487994194030762e-01
4.870406389236450195e-01,8.487979769706726074e-01
6.286026239395141602e-01,4.864126145839691162e-01
2.758496403694152832e-01,4.785574376583099365e-01
7.647734880447387695e-01,6.534543037414550781e-01
3.007206618785858154e-01,6.086772680282592773e-01
6.459999084472656250e-01,6.689898371696472168e-01
5.445472002029418945e-01,5.764437317848205566e-01
6.785839200019836426e-01,5.322605967521667480e-01
6.607889533042907715e-01,5.760713815689086914e-01
2.318441569805145264e-01,5.244216322898864746e-01
-4.573247954249382019e-02,-8.648553490638732910e-01
4.053422212600708008e-01,3.927696123719215393e-02
6.464333534240722656e-01,2.010569721460342407e-01
6.962329745292663574e-01,4.079824388027191162e-01
6.614832878112792969e-01,6.498265266418457031e-01
6.363152861595153809e-01,6.277303695678710938e-01
3.712215647101402283e-02,-1.958180963993072510e-01
5.964627861976623535e-01,1.742516010999679565e-01
7.615203261375427246e-01,3.367955684661865234e-01
6.259677410125732422e-01,6.013901829719543457e-01
-4.701888188719749451e-02,1.624280661344528198e-01
4.282359480857849121e-01,-1.232396252453327179e-02
2.474176138639450073e-01,4.685217738151550293e-01
6.339048147201538086e-01,5.946934819221496582e-01
-1.968624591827392578e-01,-1.116126589477062225e-02
6.338696479797363281e-01,6.205096840858459473e-01
6.996877193450927734e-01,6.222409009933471680e-01
4.900973737239837646e-01,6.933982372283935547e-01
7.100152373313903809e-01,6.840150952339172363e-01
4.012994170188903809e-01,-6.105731725692749023e-01
7.125484347343444824e-01,6.447660923004150391e-01
5.032036304473876953e-01,-5.237570032477378845e-02
1.028642877936363220e-01,2.514859139919281006e-01
5.289332270622253418e-01,8.244587779045104980e-01
7.155435085296630859e-01,5.936445593833923340e-01
3.930921852588653564e-02,1.711439937353134155e-01
3.139059618115425110e-02,1.806289106607437134e-01
5.528222918510437012e-01,-5.600329041481018066e-01
4.896473586559295654e-01,6.599466204643249512e-01
-2.606775797903537750e-02,-6.173197180032730103e-02
5.253348350524902344e-01,5.391354560852050781e-01
6.587678194046020508e-01,6.208867430686950684e-01
4.727232158184051514e-01,-6.507340669631958008e-01
1.347518712282180786e-01,2.150116302073001862e-02
5.435941219329833984e-01,1.831315606832504272e-01
5.231517180800437927e-02,2.095316648483276367e-01
6.682778596878051758e-01,5.333673954010009766e-01
6.659637689590454102e-01,-4.613278806209564209e-01
4.217554330825805664e-01,-5.943330526351928711e-01
2.398599684238433838e-01,4.632170796394348145e-01
7.310903072357177734e-01,4.265272319316864014e-01
4.656218588352203369e-01,5.857564508914947510e-03
-2.150350064039230347e-02,1.790934801101684570e-01
2.979830205440521240e-01,6.300835609436035156e-01
8.834356069564819336e-02,2.266866862773895264e-01
4.813495576381683350e-01,5.569474771618843079e-03
4.892455041408538818e-01,6.832524538040161133e-01
6.038694381713867188e-01,2.005295455455780029e-01
7.390016913414001465e-01,6.548104286193847656e-01
4.707607626914978027e-01,-8.325398899614810944e-03
2.765779793262481689e-01,5.532428026199340820e-01
-2.968622744083404541e-01,-4.890956878662109375e-01
4.419147670269012451e-01,7.072786092758178711e-01
1.052775904536247253e-01,-8.582218885421752930e-01
6.572873592376708984e-01,5.154789686203002930e-01
1.352794915437698364e-01,4.794796928763389587e-02
4.778874814510345459e-01,3.059106469154357910e-01
-2.162329405546188354e-01,-9.210557490587234497e-02
8.076959848403930664e-01,4.217512607574462891e-01
6.864122152328491211e-01,6.767588853836059570e-01
4.867309629917144775e-01,3.121626377105712891e-01
5.102372765541076660e-01,7.871519923210144043e-01
4.496642351150512695e-01,8.354511857032775879e-01
4.022803008556365967e-01,-5.679910778999328613e-01
4.399287104606628418e-01,7.212627530097961426e-01
6.154782176017761230e-01,1.961117982864379883e-01
6.241807937622070312e-01,6.282750368118286133e-01
-4.177134633064270020e-01,-5.195555686950683594e-01
-2.785137891769409180e-01,8.253491483628749847e-03
-2.161045558750629425e-02,1.934118568897247314e-01
-4.886243492364883423e-02,-2.722618579864501953e-01
2.621594965457916260e-01,5.046904683113098145e-01
5.115275457501411438e-02,1.729994863271713257e-01
8.053618669509887695e-01,4.441645443439483643e-01
2.140824347734451294e-01,4.383364021778106689e-01
4.524143040180206299e-01,6.865699589252471924e-02
6.937001347541809082e-01,4.657320678234100342e-01
6.882339715957641602e-01,6.330636739730834961e-01
7.865532040596008301e-01,4.513615071773529053e-01
2.881783545017242432e-01,5.719455480575561523e-01
4.588456451892852783e-01,7.187553048133850098e-01
4.611610174179077148e-01,7.019397616386413574e-01
8.037611246109008789e-01,3.904210031032562256e-01
2.568124234676361084e-02,1.976055353879928589e-01
7.051949501037597656e-01,6.413439512252807617e-01
2.273757606744766235e-01,4.387343823909759521e-01
6.740416884422302246e-01,3.973250985145568848e-01
7.538151741027832031e-01,6.466732621192932129e-01
6.183402538299560547e-01,1.934247612953186035e-01
4.672273099422454834e-01,7.444131374359130859e-01
4.600316882133483887e-01,5.487144738435745239e-02
4.606350064277648926e-01,7.172672748565673828e-01
1.263675987720489502e-01,1.739883124828338623e-01
4.735848307609558105e-01,6.791799068450927734e-01
4.751879274845123291e-01,-6.878329515457153320e-01
1.420992016792297363e-01,6.269905716180801392e-02
-7.097728848457336426e-01,-7.529084086418151855e-01
-3.774682879447937012e-01,-8.733172714710235596e-02
4.780353009700775146e-01,8.190525174140930176e-01
-1.744543612003326416e-01,-3.371899947524070740e-02
7.074504494667053223e-01,6.636111736297607422e-01
5.123670101165771484e-01,8.045390844345092773e-01
5.420150756835937500e-01,6.849148869514465332e-01
4.342534244060516357e-01,2.075971476733684540e-02
7.530720233917236328e-01,4.172998666763305664e-01
4.728954136371612549e-01,6.300107240676879883e-01
6.883221864700317383e-01,6.119678020477294922e-01
6.603513956069946289e-01,1.280127465724945068e-01
2.670464217662811279e-01,5.787559747695922852e-01
2.113917022943496704e-01,5.707169324159622192e-02
5.104551911354064941e-01,7.178778052330017090e-01
1.505776681005954742e-02,1.946419924497604370e-01
4.801118075847625732e-01,7.165689468383789062e-01
-1.753866821527481079e-01,-3.537476062774658203e-02
6.407793760299682617e-01,6.115634441375732422e-01
7.108910679817199707e-01,6.449916958808898926e-01
5.405300855636596680e-01,1.712706387042999268e-01
3.003220260143280029e-01,6.364050507545471191e-01
5.900012254714965820e-01,1.705368608236312866e-01
-4.282720685005187988e-01,-5.419145151972770691e-02
6.505534052848815918e-01,3.537578582763671875e-01
2.254779487848281860e-01,-1.551032811403274536e-02
-3.341737687587738037e-01,-4.187669456005096436e-01
4.521402120590209961e-01,6.219186186790466309e-01
3.083073496818542480e-01,-6.140096187591552734e-01
6.447397470474243164e-01,5.002971887588500977e-01
7.483696937561035156e-01,6.876894831657409668e-01
-5.587918311357498169e-02,-7.125272750854492188e-01
5.544951558113098145e-01,2.097349017858505249e-01
-3.837252557277679443e-01,-1.017070263624191284e-01
4.754532575607299805e-01,7.179442644119262695e-01
2.805063128471374512e-01,6.022724509239196777e-01
6.904667019844055176e-01,6.393823027610778809e-01
5.171184539794921875e-01,8.012861609458923340e-01
5.556701421737670898e-01,8.656480908393859863e-01
5.715766549110412598e-01,2.619747817516326904e-01
6.097848415374755859e-01,2.534125745296478271e-01
-2.505182921886444092e-01,-4.329563677310943604e-01
3.530996292829513550e-02,-1.814051531255245209e-02
5.023408532142639160e-01,8.823457956314086914e-01
7.683554887771606445e-01,3.387126028537750244e-01
5.445973873138427734e-01,1.973740607500076294e-01
7.738342285156250000e-01,3.480528891086578369e-01
6.483647823333740234e-01,3.957815468311309814e-01
1.435403823852539062e-01,4.076186567544937134e-02
4.570784568786621094e-01,7.346432209014892578e-01
-1.162355318665504456e-01,1.764611750841140747e-01
-1.501405686140060425e-01,-4.681012779474258423e-02
6.011792421340942383e-01,2.895009219646453857e-01
-1.736793667078018188e-01,-7.330893278121948242e-01
3.214335143566131592e-01,-5.578557252883911133e-01
2.616494297981262207e-01,4.890013933181762695e-01
5.184922814369201660e-01,7.954486012458801270e-01
6.594055797904729843e-03,1.690348535776138306e-01
6.536113619804382324e-01,-5.603802204132080078e-01
7.543269395828247070e-01,5.617770552635192871e-01
-4.036405682563781738e-01,-3.335540294647216797e-01
4.680593907833099365e-01,3.702086210250854492e-01
3.706986010074615479e-01,-6.907140612602233887e-01
5.073130130767822266e-01,7.826550006866455078e-01
4.858172535896301270e-01,-1.452655252069234848e-02
7.156155705451965332e-01,6.317260265350341797e-01
2.715184092521667480e-01,6.173891946673393250e-02
4.421530365943908691e-01,5.980725884437561035e-01
6.763933300971984863e-01,6.442132592201232910e-01
1.493131071329116821e-01,3.629956021904945374e-02
5.353291034698486328e-01,-4.304363429546356201e-01
7.333825826644897461e-01,7.001951932907104492e-01
5.514875650405883789e-01,-4.476814270019531250e-01
-3.378731608390808105e-01,-4.449497461318969727e-01
7.191342711448669434e-01,6.259288787841796875e-01
4.722058773040771484e-01,7.152926921844482422e-01
4.475276470184326172e-01,7.029374241828918457e-01
6.603479385375976562e-01,6.070818901062011719e-01
-3.754649162292480469e-01,-8.437195420265197754e-02
6.661685109138488770e-01,6.073976755142211914e-01
5.332410335540771484e-01,-3.507542610168457031e-01
4.726323187351226807e-01,6.888474225997924805e-01
4.862854182720184326e-01,8.489323854446411133e-01
-4.600201249122619629e-01,-5.133045315742492676e-01
3.323965072631835938e-01,6.342217326164245605e-01
6.296988725662231445e-01,6.218491792678833008e-01
5.800213217735290527e-01,2.265287339687347412e-01
7.468903064727783203e-01,6.624208688735961914e-01
9.465336799621582031e-03,1.588105112314224243e-01
4.643772244453430176e-01,6.888098120689392090e-01
5.018571615219116211e-01,5.537087917327880859e-01
6.850302219390869141e-01,4.275459349155426025e-01
7.781951427459716797e-01,5.241412520408630371e-01
7.135443687438964844e-01,4.630014896392822266e-01
3.309078216552734375e-01,5.518324375152587891e-01
-1.955036818981170654e-01,-5.666582845151424408e-03
2.899315655231475830e-01,6.373922824859619141e-01
5.063971281051635742e-01,7.957440614700317383e-01
6.703464984893798828e-01,3.857296705245971680e-01
3.721051216125488281e-01,6.588996052742004395e-01
4.886742532253265381e-01,7.749520540237426758e-01
4.644212722778320312e-01,3.631152510643005371e-01
5.112765431404113770e-01,-4.618874788284301758e-01
6.672568321228027344e-01,-4.934403300285339355e-01
4.685024917125701904e-01,-1.309850439429283142e-02
7.963108420372009277e-01,4.489791095256805420e-01
4.105535447597503662e-01,-3.034778498113155365e-02
6.219572424888610840e-01,5.870330929756164551e-01
5.179459452629089355e-01,-5.090308189392089844e-01
6.220058798789978027e-01,5.934168696403503418e-01
5.236666202545166016e-01,8.029178380966186523e-01
7.078256011009216309e-01,4.883126616477966309e-01
-8.270035684108734131e-02,1.558250635862350464e-01
5.003426074981689453e-01,8.095193505287170410e-01
4.798044562339782715e-01,4.668017625808715820e-01
4.640296995639801025e-01,4.375911504030227661e-02
6.079542040824890137e-01,1.713925153017044067e-01
1.315820366144180298e-01,6.205970887094736099e-03
6.645830273628234863e-01,6.161553859710693359e-01
-4.454473257064819336e-01,-7.909940928220748901e-02
-3.915771245956420898e-01,-4.919159412384033203e-01
4.132925346493721008e-02,-1.082552410662174225e-02
4.890800714492797852e-01,7.092834711074829102e-01
3.471314907073974609e-01,-6.139821410179138184e-01
5.012027025222778320e-01,7.142799496650695801e-01
6.491339802742004395e-01,2.293550521135330200e-01
6.488690376281738281e-01,-3.940371572971343994e-01
3.984055519104003906e-01,1.934629529714584351e-01
6.115857362747192383e-01,5.028948783874511719e-01
8.098813891410827637e-01,4.826669096946716309e-01
5.083472132682800293e-01,8.267420530319213867e-01
6.563321352005004883e-01,5.835672020912170410e-01
1.491852700710296631e-01,-7.269094586372375488e-01
4.339146316051483154e-01,7.277237772941589355e-01
2.067191302776336670e-01,-6.689009666442871094e-01
-3.910753726959228516e-01,-4.739024043083190918e-01
6.125332713127136230e-01,-2.560347616672515869e-01
-4.229263663291931152e-01,-9.441845864057540894e-02
6.769669055938720703e-01,3.671914339065551758e-01
6.781387329101562500e-01,5.146410465240478516e-01
-2.635442614555358887e-01,-1.562082394957542419e-02
3.445843458175659180e-01,6.071823239326477051e-01
1.013490557670593262e-01,-1.945491507649421692e-02
4.979509860277175903e-03,-3.037741407752037048e-03
7.634350657463073730e-01,5.952687859535217285e-01
6.158477067947387695e-01,-5.248769521713256836e-01
7.124302387237548828e-01,2.692486941814422607e-01
2.896570861339569092e-01,6.061710715293884277e-01
6.861842274665832520e-01,5.758033394813537598e-01
6.043443679809570312e-01,1.788583993911743164e-01
8.283774852752685547e-01,4.110267460346221924e-01
6.512038707733154297e-01,1.727954596281051636e-01
-3.147664666175842285e-02,1.505924202501773834e-02
2.840178310871124268e-01,5.706084966659545898e-01
5.402732491493225098e-01,8.554499149322509766e-01
5.832349658012390137e-01,8.678977489471435547e-01
5.564381480216979980e-01,7.903054952621459961e-01
-3.702049255371093750e-01,-5.126215517520904541e-02
5.174468159675598145e-01,8.227882981300354004e-01
2.998782396316528320e-01,6.189714074134826660e-01
3.628701865673065186e-01,-5.227749347686767578e-01
4.643988609313964844e-01,-4.226257093250751495e-03
2.413971126079559326e-01,5.235294699668884277e-01
1.946027874946594238e-01,7.410714775323867798e-02
7.163105010986328125e-01,6.235619187355041504e-01
-3.631849884986877441e-01,-8.101607114076614380e-02
6.765124797821044922e-01,1.565498262643814087e-01
5.129777193069458008e-01,8.288140296936035156e-01
5.053642988204956055e-01,8.394291400909423828e-01
5.544835925102233887e-01,1.889828294515609741e-01
6.338012218475341797e-01,2.874639332294464111e-01
-2.868768014013767242e-02,2.254137545824050903e-01
-2.465323731303215027e-02,1.833769381046295166e-01
-2.670447826385498047e-01,-5.873284488916397095e-02
-3.277933299541473389e-01,-6.693264842033386230e-02
2.593883872032165527e-01,5.523704290390014648e-01
5.403425693511962891e-01,2.141083776950836182e-01
4.984211325645446777e-01,6.933314204216003418e-01
3.933951258659362793e-01,5.543947219848632812e-01
6.355392932891845703e-01,4.399338066577911377e-01
4.282834231853485107e-01,6.374396085739135742e-01
4.803507402539253235e-02,2.187086343765258789e-01
7.311750054359436035e-01,5.540013909339904785e-01
6.302934288978576660e-01,5.769644379615783691e-01
6.352666616439819336e-01,5.910231471061706543e-01
3.776594102382659912e-01,6.437089443206787109e-01
5.456178784370422363e-01,-5.382204651832580566e-01
4.721917510032653809e-01,7.122796177864074707e-01
6.994780302047729492e-01,6.545165777206420898e-01
9.050107747316360474e-02,1.937086135149002075e-01
5.024935603141784668e-01,6.486652493476867676e-01
7.375029921531677246e-01,6.894531250000000000e-01
6.248266100883483887e-01,1.289536356925964355e-01
3.298615515232086182e-01,6.102412939071655273e-01
2.981908023357391357e-01,5.962809920310974121e-01
6.891073584556579590e-01,6.079776883125305176e-01
-1.270777080208063126e-02,2.232823818922042847e-01
-1.296662837266921997e-01,-2.805441617965698242e-01
5.564714074134826660e-01,2.506676018238067627e-01
3.425613641738891602e-01,6.152700185775756836e-01
1.617867946624755859e-01,6.384371966123580933e-02
5.238366723060607910e-01,7.997155785560607910e-01
2.134159207344055176e-01,5.490772724151611328e-01
2.884892523288726807e-01,6.125421524047851562e-01
5.126302316784858704e-02,3.024408034980297089e-02
6.489048004150390625e-01,2.036704123020172119e-01
4.740241467952728271e-01,7.136188745498657227e-01
7.289097309112548828e-01,7.037916779518127441e-01
-3.161600828170776367e-01,1.925443485379219055e-02
-3.773310780525207520e-01,-8.800211548805236816e-01
7.364162206649780273e-01,7.315777540206909180e-01
7.239692807197570801e-01,5.206590890884399414e-01
3.299412131309509277e-01,5.927880406379699707e-01
4.813369214534759521e-01,8.380234241485595703e-01
4.873207211494445801e-01,8.754158020019531250e-01
2.808247506618499756e-01,5.575062036514282227e-01
5.550773143768310547e-01,8.432896733283996582e-01
7.351070046424865723e-01,3.645179569721221924e-01
3.703777790069580078e-01,6.638163328170776367e-01
1.736677289009094238e-01,4.535554721951484680e-02
6.448440551757812500e-01,6.166743040084838867e-01
2.076009809970855713e-01,7.304944097995758057e-02
6.153492927551269531e-01,-4.451782703399658203e-01
5.206190347671508789e-01,7.958124279975891113e-01
7.830271720886230469e-01,4.320761859416961670e-01
5.382195115089416504e-01,1.791889220476150513e-01
2.741108238697052002e-01,5.577384233474731445e-01
6.658635735511779785e-01,-5.678361058235168457e-01
4.820059239864349365e-01,8.362282514572143555e-01
5.544383525848388672e-01,2.575306892395019531e-01
4.563528597354888916e-01,7.226085662841796875e-01
1.227547153830528259e-01,7.077984511852264404e-02
7.262869179248809814e-02,2.785308957099914551e-01
5.702835321426391602e-01,1.911782324314117432e-01
6.394190788269042969e-01,5.042211413383483887e-01
7.219359874725341797e-01,5.316424369812011719e-01
5.308378934860229492e-01,2.424456179141998291e-01
4.448301196098327637e-01,3.480087816715240479e-01
-4.171396195888519287e-01,-5.893471091985702515e-02
5.019745230674743652e-01,3.614754378795623779e-01
1.424452215433120728e-01,-1.755936071276664734e-03
6.395756006240844727e-01,5.399388074874877930e-01
4.866569042205810547e-01,6.958827972412109375e-01
1.257818192243576050e-01,1.811468452215194702e-01
4.561581611633300781e-01,8.183985948562622070e-01
4.910136461257934570e-01,7.235770225524902344e-01
8.236528038978576660e-01,4.587118327617645264e-01
6.433570981025695801e-01,4.039211273193359375e-01
3.519672155380249023e-01,6.263400316238403320e-01
5.600389838218688965e-01,-4.806810021400451660e-01
2.150772660970687866e-01,4.806584417819976807e-01
7.507477402687072754e-01,7.125609517097473145e-01
4.582242667675018311e-02,2.338440418243408203e-01
2.866159975528717041e-01,5.773676633834838867e-01
7.209612131118774414e-01,6.875770688056945801e-01
2.498585134744644165e-01,4.758147597312927246e-01
3.661703467369079590e-01,5.813435912132263184e-01
6.435129046440124512e-01,2.991440594196319580e-01
3.403978645801544189e-01,-5.070167183876037598e-01
2.647661566734313965e-01,5.384415388107299805e-01
7.258487939834594727e-01,6.439695954322814941e-01
6.576181650161743164e-01,3.763056993484497070e-01
7.682402133941650391e-01,4.656705260276794434e-01
6.680735349655151367e-01,5.655879974365234375e-01
3.856201469898223877e-01,6.286612153053283691e-01
6.872202754020690918e-01,4.343880116939544678e-01
2.016557157039642334e-01,5.315232872962951660e-01
2.059880197048187256e-01,4.501838386058807373e-01
2.489913403987884521e-01,4.676022529602050781e-01
6.524524092674255371e-01,6.811058521270751953e-01
-2.422257512807846069e-01,-4.702476784586906433e-02
3.858553767204284668e-01,-7.047396302223205566e-01
5.266346409916877747e-02,8.725019171833992004e-03
5.280939340591430664e-01,8.241238594055175781e-01
5.067099928855895996e-01,7.081753015518188477e-01
3.229542970657348633e-01,4.875159859657287598e-01
5.014516711235046387e-01,8.187628984451293945e-01
2.068366706371307373e-01,5.109243392944335938e-01
1.524520516395568848e-01,6.367284804582595825e-02
7.058954238891601562e-02,-7.632648348808288574e-01
8.172863721847534180e-01,4.190689027309417725e-01
6.801829934120178223e-01,6.147618293762207031e-01
5.354207158088684082e-01,6.365299224853515625e-01
6.529591232538223267e-02,2.007760703563690186e-01
5.056271553039550781e-01,7.104467153549194336e-01
4.520822167396545410e-01,7.153870463371276855e-01
-5.164352059364318848e-02,1.885325461626052856e-01
-1.519846078008413315e-02,2.495749890804290771e-01
2.551748454570770264e-01,5.701314210891723633e-01
4.627626836299896240e-01,6.018484234809875488e-01
-9.800053387880325317e-02,1.059367284178733826e-01
5.816957354545593262e-01,2.277170866727828979e-01
7.982484698295593262e-01,7.827764749526977539e-01
6.805164217948913574e-01,6.344418525695800781e-01
3.499299287796020508e-01,-5.207660198211669922e-01
7.505904436111450195e-01,6.865010261535644531e-01
5.587134957313537598e-01,-4.561428129673004150e-01
5.562632083892822266e-01,2.377645224332809448e-01
5.244056582450866699e-01,8.446514010429382324e-01
8.021286725997924805e-01,4.627371430397033691e-01
-2.843156456947326660e-01,-4.123511910438537598e-01
4.891967475414276123e-01,6.909071207046508789e-01
3.216024339199066162e-01,6.441311240196228027e-01
2.716588079929351807e-01,4.958584606647491455e-01
3.000059127807617188e-01,6.128082871437072754e-01
7.035500556230545044e-02,-1.393372565507888794e-02
4.535316824913024902e-01,6.945899724960327148e-01
4.925312101840972900e-01,8.244765996932983398e-01
7.718616127967834473e-01,4.106409549713134766e-01
8.939318358898162842e-02,1.756137013435363770e-01
3.814980685710906982e-01,6.739764213562011719e-01
5.007804632186889648e-01,7.107060551643371582e-01
5.003316402435302734e-01,-9.418959170579910278e-02
2.378413826227188110e-01,5.356872826814651489e-02
4.439593255519866943e-01,3.523148894309997559e-01
5.749518871307373047e-01,2.800892591476440430e-01
-5.630081892013549805e-01,-5.262506008148193359e-01
7.745429277420043945e-01,7.315557599067687988e-01
7.288748621940612793e-01,6.574919819831848145e-01
6.036953330039978027e-01,2.600613534450531006e-01
-3.073346912860870361e-01,-4.940111637115478516e-01
2.506196796894073486e-01,5.835046172142028809e-01
6.485723257064819336e-01,6.394836902618408203e-01
4.746285378932952881e-01,6.304787397384643555e-01
2.951588928699493408e-01,5.785743594169616699e-01
6.548092365264892578e-01,6.565642356872558594e-01
2.381521090865135193e-02,-2.361766397953033447e-01
6.469277143478393555e-01,6.122018098831176758e-01
5.540268421173095703e-01,2.324446439743041992e-01
6.594395637512207031e-01,4.541001617908477783e-01
-4.477532207965850830e-01,-9.257227182388305664e-02
4.759170711040496826e-01,5.929887294769287109e-01
-3.659816980361938477e-01,-5.076269507408142090e-01
4.569777548313140869e-01,6.971491575241088867e-01
1.557904034852981567e-01,1.126249227672815323e-02
-1.246013417840003967e-01,-1.801208034157752991e-02
6.666664481163024902e-01,3.960435092449188232e-01
4.132755398750305176e-01,2.060325816273689270e-02
-1.421051323413848877e-01,-1.798857375979423523e-02
2.426417171955108643e-01,4.781885445117950439e-01
6.092867851257324219e-01,1.366177499294281006e-01
6.362988054752349854e-02,1.653965562582015991e-01
-4.297397658228874207e-02,-2.421051710844039917e-01
6.604794263839721680e-01,4.415713250637054443e-01
8.016385436058044434e-01,7.067540287971496582e-01
3.442197442054748535e-01,-6.930069327354431152e-01
6.597268581390380859e-01,5.389566421508789062e-01
2.189014703035354614e-01,5.031663775444030762e-01
7.245283126831054688e-01,3.813829720020294189e-01
2.851025164127349854e-01,4.987893104553222656e-01
-1.068589687347412109e-01,1.686564832925796509e-01
6.658217404037714005e-03,2.087431550025939941e-01
5.145753026008605957e-01,6.759265065193176270e-01
7.994823455810546875e-01,7.274025082588195801e-01
3.725377321243286133e-01,6.614093780517578125e-01
4.539918005466461182e-01,6.506173014640808105e-01
5.227631926536560059e-01,8.063828945159912109e-01
7.148826122283935547e-01,3.356600701808929443e-01
6.842916011810302734e-01,6.590248942375183105e-01
-1.248490139842033386e-01,-2.113335952162742615e-02
4.375713691115379333e-02,1.900244802236557007e-01
-3.306471109390258789e-01,-4.483883380889892578e-01
5.065392851829528809e-01,8.152114152908325195e-01
-3.866698145866394043e-01,-4.970039054751396179e-02
6.532599329948425293e-01,4.468889236450195312e-01
2.773944437503814697e-01,6.189031004905700684e-01
5.289766192436218262e-01,-4.861290156841278076e-01
-1.638956516981124878e-01,-3.772977739572525024e-02
4.542647302150726318e-01,6.045438647270202637e-01
1.275707930326461792e-01,2.138624638319015503e-01
7.077357769012451172e-01,6.962160468101501465e-01
4.526343345642089844e-01,1.404295954853296280e-02
-2.139214128255844116e-01,-7.471818476915359497e-02
7.101132869720458984e-01,2.779278159141540527e-01
6.635655164718627930e-01,2.942301034927368164e-01
5.743139386177062988e-01,2.593486905097961426e-01
5.037133097648620605e-01,8.077907562255859375e-01
4.874911308288574219e-01,-1.232217438519001007e-02
6.753553152084350586e-01,5.141992568969726562e-01
8.000768423080444336e-01,3.698468208312988281e-01
4.637649357318878174e-01,7.038989067077636719e-01
-1.251955330371856689e-01,-3.213343396782875061e-02
-2.266745828092098236e-02,1.468452364206314087e-01
2.648726999759674072e-01,5.023480057716369629e-01
4.000040292739868164e-01,3.549667820334434509e-02
-8.073017001152038574e-02,1.356050670146942139e-01
5.994693636894226074e-01,-3.810969889163970947e-01
4.757592380046844482e-01,3.697614073753356934e-01
7.469047307968139648e-01,6.870410442352294922e-01
5.512966513633728027e-01,8.720690011978149414e-01
-3.484729826450347900e-01,-4.672548174858093262e-02
7.289619743824005127e-02,2.360072731971740723e-01
4.752600193023681641e-01,3.842558478936553001e-03
3.070096075534820557e-01,5.501086115837097168e-01
-4.159525632858276367e-01,-8.226624131202697754e-02
5.817258954048156738e-01,1.927355676889419556e-01
1.584714651107788086e-02,-6.651762723922729492e-01
7.661879658699035645e-01,6.706628799438476562e-01
4.876062273979187012e-01,7.153656482696533203e-01
8.046087026596069336e-01,4.361273646354675293e-01
2.963441014289855957e-01,5.794028043746948242e-01
4.806092083454132080e-01,6.776387691497802734e-01
-2.349555492401123047e-01,-4.648355841636657715e-01
6.629922986030578613e-01,6.389107704162597656e-01
4.338535070419311523e-01,4.244709387421607971e-02
5.251297354698181152e-01,7.942378520965576172e-01
4.691567122936248779e-01,7.160760164260864258e-01
6.916989684104919434e-01,4.768682122230529785e-01
2.645420134067535400e-01,5.796831250190734863e-01
-1.410656124353408813e-01,-2.060881443321704865e-02
4.652730524539947510e-01,3.485706448554992676e-01
-3.001408576965332031e-01,1.677065342664718628e-02
3.265902996063232422e-01,6.309431195259094238e-01
6.867552995681762695e-01,3.742761611938476562e-01
5.517305731773376465e-01,-2.991338372230529785e-01
5.366710424423217773e-01,6.507697105407714844e-01
4.077959656715393066e-01,-7.257400155067443848e-01
6.974547505378723145e-01,6.022644042968750000e-01
7.187756896018981934e-01,7.163701653480529785e-01
6.750710606575012207e-01,4.626308083534240723e-01
4.586794674396514893e-01,5.167077779769897461e-01
2.178940623998641968e-01,1.113657951354980469e-01
4.478212296962738037e-01,5.907326340675354004e-01
7.321568131446838379e-01,3.093154728412628174e-01
7.082327008247375488e-01,4.480409324169158936e-01
6.745614409446716309e-01,5.786690115928649902e-01
6.596761941909790039e-01,5.198532938957214355e-01
6.923112273216247559e-01,6.469183564186096191e-01
8.108260035514831543e-01,4.744044542312622070e-01
4.989720284938812256e-01,8.406339287757873535e-01
8.299623429775238037e-02,2.002825289964675903e-01
7.081816792488098145e-01,5.476128458976745605e-01
1.144092604517936707e-01,4.782980680465698242e-02
5.036157369613647461e-01,8.621577620506286621e-01
-4.064618349075317383e-01,-8.849402070045471191e-01
6.673461198806762695e-01,5.234235525131225586e-01
5.357264280319213867e-01,2.565927207469940186e-01
5.091172456741333008e-01,8.006045818328857422e-01
4.002504646778106689e-01,7.009791135787963867e-01
2.793421745300292969e-01,-6.478098034858703613e-01
1.235384121537208557e-01,1.086852326989173889e-02
-1.730511933565139771e-01,-3.428351879119873047e-02
-1.027299910783767700e-01,1.976526975631713867e-01
6.712881326675415039e-01,5.318619012832641602e-01
7.201150059700012207e-01,5.300782322883605957e-01
-1.549458205699920654e-01,1.786999255418777466e-01
3.256192207336425781e-01,6.298155784606933594e-01
2.971484661102294922e-01,6.591806411743164062e-01
5.479783564805984497e-02,-7.207432389259338379e-01
8.030638694763183594e-01,4.209975004196166992e-01
-1.168267205357551575e-01,1.413661688566207886e-01
7.575457692146301270e-01,5.416447520256042480e-01
-1.647181957960128784e-01,-5.783312395215034485e-02
5.515064001083374023e-01,2.687643468379974365e-01
6.656288504600524902e-01,6.104526519775390625e-01
3.475493192672729492e-01,6.178151369094848633e-01
6.570798754692077637e-01,6.055291295051574707e-01
1.768526881933212280e-01,4.251608252525329590e-02
-1.389514803886413574e-01,-2.774481475353240967e-02
5.956528782844543457e-01,5.949234962463378906e-01
6.570073962211608887e-01,1.323420852422714233e-01
8.119522333145141602e-01,4.170642495155334473e-01
7.045801728963851929e-02,4.455947130918502808e-02
7.292486429214477539e-01,6.283106207847595215e-01
3.864908516407012939e-01,6.941684484481811523e-01
7.804706096649169922e-01,5.924462080001831055e-01
8.102967739105224609e-01,4.272547066211700439e-01
4.904654622077941895e-01,6.090431213378906250e-01
5.295780897140502930e-01,8.153612017631530762e-01
-1.871237307786941528e-01,-6.418805569410324097e-02
-1.278848052024841309e-01,-1.114651095122098923e-03
2.647802531719207764e-01,5.814738273620605469e-01
3.836612403392791748e-02,1.697037816047668457e-01
6.535886526107788086e-01,5.516750812530517578e-01
-1.655775010585784912e-01,-3.153351321816444397e-02
2.357318401336669922e-01,5.053099393844604492e-01
1.303557958453893661e-02,2.536111176013946533e-01
7.129102945327758789e-01,6.420150995254516602e-01
5.305110812187194824e-01,7.008252143859863281e-01
4.505430757999420166e-01,6.972518563270568848e-02
3.426797986030578613e-01,6.363000273704528809e-01
4.602229297161102295e-01,7.148765325546264648e-01
6.955445408821105957e-01,6.478606462478637695e-01
6.935303211212158203e-01,5.246288776397705078e-01
3.090333342552185059e-01,5.721602439880371094e-01
6.388488411903381348e-01,4.218125641345977783e-01
3.433865308761596680e-01,1.027969717979431152e-01
4.947512447834014893e-01,8.115597963333129883e-01
3.105443418025970459e-01,6.146247386932373047e-01
-3.233511745929718018e-01,-6.918472051620483398e-02
2.494575083255767822e-01,4.808796942234039307e-01
5.700951218605041504e-01,2.207349240779876709e-01
4.838157296180725098e-01,7.079970836639404297e-01
1.417421400547027588e-01,4.733100533485412598e-02
6.911904811859130859e-01,6.116169691085815430e-01
6.797606945037841797e-01,6.576572656631469727e-01
4.469866454601287842e-01,7.374501824378967285e-01
5.597144961357116699e-01,2.597672641277313232e-01
4.396212697029113770e-01,5.994579195976257324e-01
5.172585844993591309e-01,8.296813964843750000e-01
6.430410146713256836e-01,6.484017968177795410e-01
-3.128127157688140869e-01,-4.622199535369873047e-01
6.857561469078063965e-01,6.421425342559814453e-01
6.833490729331970215e-01,6.162817478179931641e-01
5.688223242759704590e-01,2.021918445825576782e-01
3.279740214347839355e-01,-5.993316769599914551e-01
5.697431564331054688e-01,8.757289648056030273e-01
5.556991100311279297e-01,8.153889775276184082e-01
4.209818542003631592e-01,-5.955664515495300293e-01
3.439101278781890869e-01,-5.397565960884094238e-01
-3.746937215328216553e-01,-7.016312330961227417e-02
5.417931079864501953e-01,8.135474920272827148e-01
4.928082525730133057e-01,8.134455680847167969e-01
5.558263659477233887e-01,1.928701549768447876e-01
2.896090447902679443e-01,5.886200070381164551e-01
5.964227914810180664e-01,-5.505746006965637207e-01
6.009031534194946289e-01,2.423552572727203369e-01
-2.476722747087478638e-01,-3.685755431652069092e-01
5.887882113456726074e-01,2.498626410961151123e-01
2.066111564636230469e-01,-7.038388848304748535e-01
6.633026003837585449e-01,6.413514614105224609e-01
-4.027154743671417236e-01,-4.013289809226989746e-01
6.751746535301208496e-01,4.292444288730621338e-01
3.372689187526702881e-01,5.932112932205200195e-01
5.539557337760925293e-01,1.831768304109573364e-01
-2.805431783199310303e-01,-2.968834899365901947e-02
3.295432031154632568e-01,6.141245961189270020e-01
2.138417679816484451e-03,-6.928318180143833160e-03
4.681365191936492920e-02,1.992173194885253906e-01
7.030028104782104492e-01,7.238832116127014160e-01
-3.489869236946105957e-01,-5.023944750428199768e-02
6.576933860778808594e-01,3.076504766941070557e-01
5.198499187827110291e-02,1.918762326240539551e-01
6.475743651390075684e-01,5.990706682205200195e-01
6.399734020233154297e-01,1.933302134275436401e-01
3.502340018749237061e-01,6.232108473777770996e-01
2.786760963499546051e-02,2.029589116573333740e-01
7.662232518196105957e-01,4.189678430557250977e-01
3.257076740264892578e-01,6.294574141502380371e-01
5.092796683311462402e-01,7.990237474441528320e-01
5.850581526756286621e-01,2.053378671407699585e-01
4.742534160614013672e-01,6.633735299110412598e-01
5.947425365447998047e-01,1.818495988845825195e-01
4.592137932777404785e-01,7.501516342163085938e-01
2.040431201457977295e-01,5.145099014043807983e-02
5.243912339210510254e-01,6.738055944442749023e-01
-1.520260721445083618e-01,1.784381121397018433e-01
2.474162131547927856e-01,4.909099936485290527e-01
8.056400418281555176e-01,4.743494093418121338e-01
-3.484648466110229492e-01,-4.292227700352668762e-02
4.528473913669586182e-01,7.026636004447937012e-01
1.869639158248901367e-01,4.800269305706024170e-01
6.260672211647033691e-01,1.893482059240341187e-01
-2.156540006399154663e-01,-4.338485375046730042e-02
1.703037181869149208e-03,2.379752844572067261e-01
6.889024972915649414e-01,6.423049569129943848e-01
7.104652523994445801e-01,6.753970980644226074e-01
-4.110202193260192871e-01,-5.043255090713500977e-01
7.156497240066528320e-01,4.061338305473327637e-01
-3.473062515258789062e-01,-9.682411700487136841e-02
6.614899039268493652e-01,6.789616942405700684e-01
6.436458230018615723e-01,4.440987408161163330e-01
4.834574162960052490e-01,8.227441906929016113e-01
-3.767108619213104248e-01,-7.085928320884704590e-02
3.321099579334259033e-01,6.384324431419372559e-01
4.601598083972930908e-01,7.406001091003417969e-01
5.609305500984191895e-01,8.446168899536132812e-01
9.442614018917083740e-02,-7.690244913101196289e-01
6.816237568855285645e-01,6.178559064865112305e-01
3.185102641582489014e-01,6.100737452507019043e-01
5.411161780357360840e-01,2.287672311067581177e-01
5.341718792915344238e-01,7.079166173934936523e-01
4.523367583751678467e-01,-5.988304018974304199e-01
-1.181711349636316299e-02,1.306058764457702637e-01
-6.093523502349853516e-01,7.573706507682800293e-01
2.525517940521240234e-01,4.592174589633941650e-01
1.429843306541442871e-01,2.666187286376953125e-01
4.394585788249969482e-01,7.088953852653503418e-01
-4.092530310153961182e-01,-4.324657618999481201e-01
7.081955075263977051e-01,5.257198214530944824e-01
4.983316063880920410e-01,6.965181231498718262e-01
-3.399363756179809570e-01,-3.939912468194961548e-02
5.724773406982421875e-01,2.154400646686553955e-01
4.937079548835754395e-01,7.156167030334472656e-01
1.401672363281250000e-01,2.267583012580871582e-01
5.173715353012084961e-01,8.018931150436401367e-01
4.955291152000427246e-01,6.798495054244995117e-01
3.810460567474365234e-01,-4.680032134056091309e-01
3.818358778953552246e-01,8.168698847293853760e-02
4.102597534656524658e-01,3.885681740939617157e-03
5.376057028770446777e-01,5.073291063308715820e-01
3.142363727092742920e-01,5.954292416572570801e-01
4.750137627124786377e-01,2.559524402022361755e-02
6.709856986999511719e-01,4.454228579998016357e-01
7.326403856277465820e-01,6.685019135475158691e-01
2.953060865402221680e-01,6.442230343818664551e-01
-2.334144860506057739e-01,-8.182538300752639771e-02
7.943142056465148926e-01,4.116343557834625244e-01
5.056398510932922363e-01,-4.842225313186645508e-01
5.199651122093200684e-01,7.464922070503234863e-01
2.939784526824951172e-01,5.361383557319641113e-01
2.469164580106735229e-01,5.414094328880310059e-01
-3.963343501091003418e-01,-4.418349564075469971e-01
9.200051426887512207e-02,2.714461982250213623e-01
-4.800571128726005554e-02,-3.015311621129512787e-02
6.391800642013549805e-01,6.708667874336242676e-01
4.600655436515808105e-01,4.346742853522300720e-02
-4.849114120006561279e-01,6.068674325942993164e-01
2.423527836799621582e-01,4.839934408664703369e-01
-4.123578667640686035e-01,-4.783065617084503174e-01
6.401594281196594238e-01,4.789057672023773193e-01
4.553805589675903320e-01,7.191445827484130859e-01
6.558881402015686035e-01,6.438851952552795410e-01
3.504216298460960388e-02,2.267971485853195190e-01
2.846644520759582520e-01,5.883608460426330566e-01
4.214543849229812622e-02,2.155082970857620239e-01
4.507557153701782227e-01,8.441658616065979004e-01
-3.394181653857231140e-02,-1.046088896691799164e-02
-6.251303106546401978e-02,-7.025388628244400024e-02
6.543483138084411621e-01,1.662805229425430298e-01
5.744991451501846313e-02,1.769417077302932739e-01
6.041194796562194824e-01,-4.197358191013336182e-01
6.790364384651184082e-01,5.567075014114379883e-01
5.437767505645751953e-01,8.277546167373657227e-01
4.518560469150543213e-01,-9.400627575814723969e-03
4.936492145061492920e-01,3.142869845032691956e-02
5.496768951416015625e-01,7.848293185234069824e-01
4.673289954662322998e-01,8.007375597953796387e-01
6.039220094680786133e-01,2.083696722984313965e-01
4.686752557754516602e-01,6.786498427391052246e-01
1.641658395528793335e-01,2.525667101144790649e-02
4.416286945343017578e-02,-1.237986329942941666e-02
6.593178510665893555e-01,-3.693490922451019287e-01
5.541625618934631348e-01,8.029238581657409668e-01
5.457861423492431641e-01,-3.919610381126403809e-01
6.417462825775146484e-01,5.791805982589721680e-01
4.502108693122863770e-01,4.534638673067092896e-02
5.175772309303283691e-01,8.807296752929687500e-01
4.272674322128295898e-01,6.736930012702941895e-01
3.142426311969757080e-01,6.515848636627197266e-01
-2.522445917129516602e-01,-2.084955945611000061e-02
4.605239927768707275e-01,7.302520871162414551e-01
4.823073148727416992e-01,6.853278875350952148e-01
6.763961911201477051e-01,6.572538018226623535e-01
-5.990540981292724609e-01,7.298951745033264160e-01
3.386029601097106934e-02,-3.126097097992897034e-02
5.493593215942382812e-01,-6.102889776229858398e-01
3.076949417591094971e-01,6.163638830184936523e-01
4.438399374485015869e-01,7.436985373497009277e-01
4.803935587406158447e-01,-3.897998332977294922e-01
-1.027838066220283508e-01,1.799227595329284668e-01
5.894384980201721191e-01,1.566154360771179199e-01
5.059179663658142090e-01,-6.673058271408081055e-01
4.549120664596557617e-01,6.977575272321701050e-02
7.206405997276306152e-01,5.439119338989257812e-01
6.090885400772094727e-01,1.866774559020996094e-01
-3.645466566085815430e-01,-3.153768181800842285e-02
5.292850732803344727e-01,8.338112235069274902e-01
7.928940653800964355e-02,2.183946780860424042e-02
7.626552581787109375e-01,4.155529439449310303e-01
5.221776366233825684e-01,5.822198390960693359e-01
4.319832324981689453e-01,6.636021137237548828e-01
6.660612225532531738e-01,6.558427214622497559e-01
5.674259662628173828e-01,-4.431719183921813965e-01
3.175827562808990479e-01,6.269153356552124023e-01
-2.532037198543548584e-01,-9.694197773933410645e-02
4.635673761367797852e-01,7.019997239112854004e-01
-3.563113510608673096e-01,-4.928625524044036865e-01
4.450688362121582031e-01,7.460395097732543945e-01
4.309183359146118164e-01,7.301786541938781738e-01
6.828988194465637207e-01,6.199894547462463379e-01
3.716082274913787842e-01,6.253980994224548340e-01
4.433495104312896729e-01,4.897658899426460266e-02
7.624963670969009399e-02,2.393558621406555176e-01
5.447444319725036621e-01,6.770071983337402344e-01
-2.178939133882522583e-01,-4.225286468863487244e-02
6.613388061523437500e-01,4.910502433776855469e-01
2.810198366641998291e-01,5.490756034851074219e-01
6.814708113670349121e-01,5.394849181175231934e-01
2.422969974577426910e-02,2.094269841909408569e-01
6.511069536209106445e-01,5.540708899497985840e-01
-5.392068624496459961e-01,7.383337020874023438e-01
7.354127764701843262e-01,5.864450335502624512e-01
-1.827489882707595825e-01,-3.851522505283355713e-01
2.526868879795074463e-01,5.884039402008056641e-01
-6.796837598085403442e-02,1.649509966373443604e-01
3.659463822841644287e-01,6.319767832756042480e-01
1.310128122568130493e-01,-4.744092002511024475e-03
5.015133023262023926e-01,1.531959418207406998e-02
3.892508149147033691e-01,6.078561544418334961e-01
5.184910297393798828e-01,-3.759663701057434082e-01
7.791325449943542480e-01,3.749663531780242920e-01
1.955371648073196411e-01,5.068777203559875488e-01
5.408449172973632812e-01,8.020756840705871582e-01
5.026835799217224121e-01,8.460846543312072754e-01
7.812933325767517090e-01,6.756675839424133301e-01
7.275632023811340332e-01,6.685792803764343262e-01
4.193160831928253174e-01,7.041028141975402832e-01
3.030600249767303467e-01,6.134365200996398926e-01
8.042756319046020508e-01,4.813205599784851074e-01
4.820019006729125977e-01,8.289068937301635742e-01
8.076450824737548828e-01,7.263196706771850586e-01
1.808669865131378174e-01,6.019237637519836426e-02
4.961384832859039307e-01,7.129893302917480469e-01
3.197506964206695557e-01,6.534558534622192383e-01
5.029543638229370117e-01,2.472744137048721313e-01
-3.941961228847503662e-01,-8.453945815563201904e-02
6.710758805274963379e-01,4.712805449962615967e-01
7.400261163711547852e-01,4.933569133281707764e-01
3.696217387914657593e-02,1.351901516318321228e-02
7.415903806686401367e-01,5.869019627571105957e-01
4.509529769420623779e-01,3.305110335350036621e-01
2.559524774551391602e-01,5.563489198684692383e-01
6.826559305191040039e-01,6.406831741333007812e-01
5.391116142272949219e-01,6.690688133239746094e-01
7.799885272979736328e-01,4.674436450004577637e-01
-7.295724004507064819e-02,1.946312040090560913e-01
3.164883553981781006e-01,6.213952302932739258e-01
4.930997192859649658e-01,6.896756291389465332e-01
7.060031890869140625e-01,5.896452665328979492e-01
3.136150538921356201e-01,6.209212541580200195e-01
4.379675537347793579e-02,2.006795406341552734e-01
5.673798322677612305e-01,5.315549373626708984e-01
5.263652801513671875e-01,8.171190619468688965e-01
1.061707884073257446e-01,-1.364624686539173126e-02
4.407948851585388184e-01,8.364855311810970306e-03
1.634019464254379272e-01,2.256686091423034668e-01
5.073320269584655762e-01,7.763589024543762207e-01
4.534157216548919678e-01,6.923317313194274902e-01
4.666728079319000244e-01,7.183693051338195801e-01
5.035051703453063965e-01,7.081603407859802246e-01
2.144764959812164307e-01,-6.448301672935485840e-01
3.007375895977020264e-01,6.087710261344909668e-01
7.116603851318359375e-01,6.749590635299682617e-01
1.352232545614242554e-01,-7.221682071685791016e-01
4.797440767288208008e-01,-3.722456749528646469e-03
7.580868154764175415e-02,-7.740860581398010254e-01
6.410524845123291016e-01,5.727131366729736328e-01
6.181713342666625977e-01,2.576857805252075195e-01
4.985688626766204834e-01,6.302574872970581055e-01
5.758705735206604004e-01,2.064146548509597778e-01
5.882314443588256836e-01,2.367338240146636963e-01
6.869294047355651855e-01,3.026753365993499756e-01
2.924183309078216553e-01,5.761922001838684082e-01
5.610095858573913574e-01,2.489203810691833496e-01
-3.602809309959411621e-01,-4.595428705215454102e-01
1.182534247636795044e-01,2.942777611315250397e-02
4.945888817310333252e-01,8.203513026237487793e-01
-4.188564121723175049e-01,-5.083899497985839844e-01
3.448166549205780029e-01,6.299635171890258789e-01
7.254822254180908203e-01,4.149487614631652832e-01
-1.230908855795860291e-01,1.480947881937026978e-01
2.212472409009933472e-01,3.889747336506843567e-02
3.095526099205017090e-01,6.806707382202148438e-01
5.973142385482788086e-01,2.581679522991180420e-01
5.632286667823791504e-01,-3.382942080497741699e-01
1.871233582496643066e-01,2.473235875368118286e-02
7.771860361099243164e-01,3.373273909091949463e-01
2.050830423831939697e-01,4.542572796344757080e-01
3.013475537300109863e-01,6.238191723823547363e-01
6.237277388572692871e-01,4.663462340831756592e-01
1.547974944114685059e-01,4.246652126312255859e-02
6.352014541625976562e-01,5.553451776504516602e-01
6.492187380790710449e-01,5.879437327384948730e-01
2.722763717174530029e-01,5.921792387962341309e-01
4.932681322097778320e-01,8.088419437408447266e-01
3.810738921165466309e-01,6.494308710098266602e-01
6.785668134689331055e-01,6.142969727516174316e-01
-3.512874543666839600e-01,-4.936956465244293213e-01
3.314124941825866699e-01,6.529051065444946289e-01
-3.591484427452087402e-01,-2.001258172094821930e-02
4.676567614078521729e-01,7.276677489280700684e-01
6.666691899299621582e-01,6.363880634307861328e-01
4.907106459140777588e-01,1.521084010601043701e-01
6.300669312477111816e-01,5.906330943107604980e-01
4.312580227851867676e-01,7.507341504096984863e-01
6.068161725997924805e-01,1.249977126717567444e-01
1.534055769443511963e-01,4.388345032930374146e-02
5.278966426849365234e-01,8.527922034263610840e-01
6.659278273582458496e-01,5.506810545921325684e-01
3.812995040789246559e-03,2.016455233097076416e-01
2.019509300589561462e-02,-1.769261248409748077e-02
3.492850959300994873e-01,6.592772603034973145e-01
2.762294411659240723e-01,6.244890093803405762e-01
5.946287512779235840e-01,2.070046365261077881e-01
6.630810499191284180e-01,6.101570129394531250e-01
4.682112336158752441e-01,8.559272885322570801e-01
2.832519412040710449e-01,6.598857641220092773e-01
4.493108987808227539e-01,7.007485032081604004e-01
1.152821406722068787e-01,3.718587383627891541e-02
5.520940423011779785e-01,-5.246694684028625488e-01
2.939501404762268066e-01,5.957453846931457520e-01
6.645494699478149414e-01,5.139287114143371582e-01
6.440179944038391113e-01,5.867881178855895996e-01
2.857532799243927002e-01,5.014929771423339844e-01
3.649587631225585938e-01,-7.037403583526611328e-01
-2.373359911143779755e-02,1.399399489164352417e-01
-1.138319075107574463e-02,1.797356605529785156e-01
5.816342830657958984e-01,-2.331804931163787842e-01
6.921303868293762207e-01,4.586504101753234863e-01
6.248839199542999268e-02,-8.799489587545394897e-03
4.952037334442138672e-01,6.798493862152099609e-01
5.650256872177124023e-01,2.141984552145004272e-01
2.565378546714782715e-01,5.564976930618286133e-01
4.500077068805694580e-01,7.087163329124450684e-01
5.187634229660034180e-01,7.871852517127990723e-01
4.493837356567382812e-01,8.116650581359863281e-01
5.544003844261169434e-01,8.448696732521057129e-01
3.726746737957000732e-01,6.954920291900634766e-01
-4.105821251869201660e-01,-8.418472856283187866e-02
-3.364879190921783447e-01,-4.989334642887115479e-01
5.286955237388610840e-01,8.399578332901000977e-01
-2.075978964567184448e-01,-1.921670511364936829e-02
-1.586659462191164494e-03,1.540757268667221069e-01
6.793537735939025879e-01,-4.081210494041442871e-01
6.302645206451416016e-01,4.892365634441375732e-01
-1.779226511716842651e-01,-8.247343939729034901e-04
7.025713920593261719e-01,6.839658617973327637e-01
9.340131282806396484e-02,8.497107774019241333e-03
-3.116182088851928711e-01,-9.272814542055130005e-02
6.703511476516723633e-01,6.852176785469055176e-01
2.486432939767837524e-01,5.457015037536621094e-01
4.119712114334106445e-01,-6.806393861770629883e-01
4.732737839221954346e-01,7.034131884574890137e-01
2.978335022926330566e-01,5.393078923225402832e-01
4.498023986816406250e-01,7.205889225006103516e-01
3.127255439758300781e-01,6.491727828979492188e-01
2.820526957511901855e-01,5.877681374549865723e-01
4.511438012123107910e-01,1.239833794534206390e-02
2.605244815349578857e-01,4.630523324012756348e-01
5.299394726753234863e-01,8.417732715606689453e-01
5.271296501159667969e-01,8.168724179267883301e-01
4.612992405891418457e-01,7.333911657333374023e-01
7.169647216796875000e-01,5.840939879417419434e-01
3.272505849599838257e-02,-2.091854996979236603e-02
5.145676806569099426e-02,2.158172428607940674e-01
4.318293631076812744e-01,7.208693623542785645e-01
5.815517902374267578e-01,2.504650354385375977e-01
1.994196027517318726e-01,4.883994534611701965e-02
4.973035752773284912e-01,6.527563929557800293e-01
3.217217624187469482e-01,6.217823028564453125e-01
3.782108724117279053e-01,6.542695164680480957e-01
6.958541274070739746e-01,4.274547100067138672e-01
2.593693435192108154e-01,4.727233052253723145e-01
6.775512099266052246e-01,4.878624677658081055e-01
6.537931561470031738e-01,-4.168451130390167236e-01
6.852331161499023438e-01,5.489432811737060547e-01
4.883661866188049316e-01,-4.183082282543182373e-02
4.439925849437713623e-01,6.076264977455139160e-01
5.424357056617736816e-01,8.302740454673767090e-01
4.381096959114074707e-01,7.237868905067443848e-01
7.491211891174316406e-01,7.279922962188720703e-01
5.241619348526000977e-01,7.029210329055786133e-01
-3.121048510074615479e-01,-4.100377559661865234e-01
6.636036038398742676e-01,5.291564464569091797e-01
5.180191397666931152e-01,5.748991370201110840e-01
-8.361472748219966888e-03,2.018214017152786255e-01
7.354795336723327637e-01,3.532588481903076172e-01
6.731356978416442871e-01,6.683647632598876953e-01
1.074673756957054138e-01,4.552982747554779053e-02
-1.927592307329177856e-01,-3.307269886136054993e-02
-6.100502610206604004e-02,1.986962109804153442e-01
4.066856503486633301e-01,-4.959830045700073242e-01
6.821784377098083496e-01,3.734121918678283691e-01
6.511725187301635742e-01,4.079774618148803711e-01
5.479221940040588379e-01,1.881623417139053345e-01
7.018293142318725586e-01,5.723799467086791992e-01
6.798723936080932617e-01,5.614651441574096680e-01
5.804982781410217285e-01,2.764015793800354004e-01
-3.580749034881591797e-01,-3.963858634233474731e-02
6.541322469711303711e-01,6.380493640899658203e-01
-3.312758803367614746e-01,-4.916671812534332275e-01
2.695659101009368896e-01,6.345343589782714844e-01
4.958498179912567139e-01,4.962354898452758789e-01
-1.047630980610847473e-02,2.913444489240646362e-02
5.822833180427551270e-01,6.479092836380004883e-01
-1.023316383361816406e-02,1.788905858993530273e-01
4.921747744083404541e-01,4.402379393577575684e-01
6.395602226257324219e-01,1.643865704536437988e-01
7.506837844848632812e-01,6.905817985534667969e-01
6.643335223197937012e-01,6.190328598022460938e-01
5.650573372840881348e-01,1.876383125782012939e-01
7.724362015724182129e-01,4.902877807617187500e-01
6.873511075973510742e-01,6.274650692939758301e-01
1.527188271284103394e-01,-7.540162205696105957e-01
5.255868434906005859e-01,6.798173189163208008e-01
5.219128727912902832e-01,6.824689507484436035e-01
6.370651125907897949e-01,2.283171117305755615e-01
5.133801102638244629e-01,8.662021756172180176e-01
1.823036968708038330e-01,5.997272208333015442e-02
6.835364699363708496e-01,6.322165727615356445e-01
3.128422498703002930e-01,6.852430701255798340e-01
7.129870057106018066e-01,6.393653154373168945e-01
2.380432933568954468e-01,1.434119045734405518e-02
2.937787473201751709e-01,-7.449239492416381836e-01
-1.838323324918746948e-01,-3.976474702358245850e-02
7.218329906463623047e-01,5.066974163055419922e-01
1.922836750745773315e-01,4.655731022357940674e-01
2.107243686914443970e-01,-7.280387282371520996e-01
7.247981429100036621e-01,6.876427531242370605e-01
4.335205256938934326e-01,7.389905452728271484e-01
6.685887575149536133e-01,6.128822565078735352e-01
3.110253810882568359e-01,6.074942946434020996e-01
8.193172216415405273e-01,7.182192206382751465e-01
5.369970798492431641e-01,7.823619842529296875e-01
3.573982417583465576e-01,-6.075607538223266602e-01
4.527438879013061523e-01,6.763426661491394043e-01
5.461972951889038086e-01,7.222488522529602051e-01
-1.659999229013919830e-02,2.098995447158813477e-01
1.363734751939773560e-01,2.530150413513183594e-01
4.947327673435211182e-01,8.486773967742919922e-01
4.023405909538269043e-01,-5.523048639297485352e-01
3.167649805545806885e-01,5.743807554244995117e-01
3.628911674022674561e-01,6.213005185127258301e-01
2.300922274589538574e-01,-6.881661415100097656e-01
5.235169529914855957e-01,-5.456627011299133301e-01
6.073096022009849548e-02,1.387788634747266769e-02
6.522328853607177734e-01,4.787851572036743164e-01
1.140198484063148499e-01,2.310807853937149048e-01
4.511967897415161133e-01,4.423449188470840454e-02
4.005917608737945557e-01,6.388393640518188477e-01
4.840893149375915527e-01,6.862657070159912109e-01
4.884667992591857910e-01,8.512072563171386719e-01
6.213644742965698242e-01,1.558900326490402222e-01
6.103499531745910645e-01,-3.596967756748199463e-01
2.126139402389526367e-02,1.841008812189102173e-01
4.997210204601287842e-01,7.995890378952026367e-01
6.973083019256591797e-01,5.510920286178588867e-01
7.421543002128601074e-01,3.880571722984313965e-01
4.254305064678192139e-01,7.032137513160705566e-01
4.870282709598541260e-01,7.188627719879150391e-01
6.922634840011596680e-01,5.525991320610046387e-01
8.182156085968017578e-01,4.004868566989898682e-01
6.899690032005310059e-01,6.535289287567138672e-01
7.007011771202087402e-01,5.905392765998840332e-01
-3.927200138568878174e-01,-6.992510706186294556e-02
2.917240560054779053e-01,6.327413916587829590e-01
5.053042173385620117e-01,1.094603072851896286e-02
3.039058446884155273e-01,6.449277997016906738e-01
8.314642310142517090e-01,7.235808372497558594e-01
5.592448711395263672e-01,-5.520666837692260742e-01
6.698913574218750000e-01,5.349056720733642578e-01
4.863333404064178467e-01,7.160148620605468750e-01
4.732447862625122070e-01,8.285917639732360840e-01
6.778320074081420898e-01,5.732778906822204590e-01
5.118551254272460938e-01,5.171799659729003906e-01
5.398664623498916626e-02,3.227511793375015259e-02
4.178481400012969971e-01,7.314107418060302734e-01
7.339037060737609863e-01,4.195312857627868652e-01
6.153392791748046875e-01,2.461555004119873047e-01
-3.712503015995025635e-01,-4.889319464564323425e-02
4.434091448783874512e-01,3.881385549902915955e-02
6.369626522064208984e-01,6.022965312004089355e-01
5.933837965130805969e-02,1.805301010608673096e-01
3.317860066890716553e-01,1.928365975618362427e-02
-5.405552219599485397e-03,1.708455979824066162e-01
2.562954127788543701e-01,6.401289105415344238e-01
5.224526524543762207e-01,7.961384057998657227e-01
4.870887100696563721e-01,8.510863184928894043e-01
5.198899507522583008e-01,7.693021893501281738e-01
7.263165712356567383e-01,6.601404547691345215e-01
7.104231715202331543e-01,4.575861096382141113e-01
7.116317749023437500e-01,4.730987846851348877e-01
3.198398351669311523e-01,5.671604275703430176e-01
4.968469142913818359e-01,2.617422640323638916e-01
4.745272099971771240e-01,8.321446180343627930e-01
5.567814111709594727e-01,2.556933760643005371e-01
9.342612326145172119e-02,2.227614074945449829e-01
4.839683771133422852e-01,-4.931721389293670654e-01
3.692134022712707520e-01,-5.330780148506164551e-01
7.096486687660217285e-01,6.235684156417846680e-01
4.622668623924255371e-01,7.228338122367858887e-01
5.654352307319641113e-01,3.579966425895690918e-01
7.971814274787902832e-01,4.964969158172607422e-01
1.232486665248870850e-01,-7.185136079788208008e-01
2.188346683979034424e-01,-6.864296793937683105e-01
4.441762566566467285e-01,6.324939429759979248e-02
6.535994410514831543e-01,5.080041289329528809e-01
7.594484090805053711e-01,3.477334678173065186e-01
3.035766184329986572e-01,6.094388365745544434e-01
3.279708027839660645e-01,5.997357964515686035e-01
2.882336974143981934e-01,6.085841655731201172e-01
7.110203504562377930e-01,5.288115739822387695e-01
4.770263135433197021e-01,7.179800868034362793e-01
-1.090212762355804443e-01,-5.547422170639038086e-02
3.660515248775482178e-01,-6.041959524154663086e-01
2.530154585838317871e-01,5.646684169769287109e-01
4.721714556217193604e-01,7.315569519996643066e-01
6.494116187095642090e-01,5.392395257949829102e-01
7.364083528518676758e-01,6.471880674362182617e-01
6.638959646224975586e-01,5.502150058746337891e-01
-8.553502708673477173e-02,1.767192929983139038e-01
6.707234978675842285e-01,5.352966189384460449e-01
7.014737725257873535e-01,6.762586832046508789e-01
4.589557349681854248e-01,7.531337141990661621e-01
2.760107815265655518e-01,5.192879438400268555e-01
3.051375150680541992e-01,-6.538967490196228027e-01
2.728677392005920410e-01,6.544004082679748535e-01
-3.656175732612609863e-01,-5.651269853115081787e-02
4.635953605175018311e-01,7.079910635948181152e-01
3.927692472934722900e-01,7.065335512161254883e-01
2.897231280803680420e-01,6.097289919853210449e-01
5.219477415084838867e-01,1.794061511754989624e-01
3.896271586418151855e-01,6.546210050582885742e-01
-4.808286428451538086e-01,-4.790775775909423828e-01
4.582063853740692139e-01,7.293737530708312988e-01
6.232891082763671875e-01,-5.650813579559326172e-01
2.456971406936645508e-01,6.138728260993957520e-01
5.283694267272949219e-01,8.168745636940002441e-01
4.814146161079406738e-01,6.600525379180908203e-01
5.233628749847412109e-01,8.164982199668884277e-01
4.689429402351379395e-01,6.785343289375305176e-01
5.155898928642272949e-01,5.673446655273437500e-01
-1.384456604719161987e-01,1.760755032300949097e-01
3.268139064311981201e-01,6.542699337005615234e-01
5.845646858215332031e-01,2.243589609861373901e-01
6.710704565048217773e-01,4.448343813419342041e-01
9.732992947101593018e-02,-7.127398848533630371e-01
7.082453370094299316e-01,4.893082380294799805e-01
5.500782728195190430e-01,1.904434710741043091e-01
5.424668192863464355e-01,8.202831149101257324e-01
4.918809235095977783e-01,7.169626355171203613e-01
5.050516724586486816e-01,8.562676608562469482e-02
3.348752856254577637e-01,6.394113302230834961e-01
4.541723430156707764e-01,8.238737583160400391e-01
5.049104690551757812e-01,6.124266982078552246e-01
5.250642299652099609e-01,8.487867116928100586e-01
7.903012037277221680e-01,4.396377503871917725e-01
4.567736089229583740e-01,4.476140141487121582e-01
5.591942071914672852e-01,1.772097796201705933e-01
1.399818360805511475e-01,2.011905461549758911e-01
6.825264692306518555e-01,5.754840970039367676e-01
4.098485708236694336e-01,7.705776393413543701e-02
3.036779165267944336e-01,5.840781927108764648e-01
6.365262269973754883e-01,5.179804563522338867e-01
-2.415054589509963989e-01,-4.413701593875885010e-01
5.204709619283676147e-02,2.303330302238464355e-01
3.920639455318450928e-01,7.792362570762634277e-02
4.638268649578094482e-01,7.126857638359069824e-01
6.787574291229248047e-01,5.373678803443908691e-01
6.552137732505798340e-01,5.579332709312438965e-01
5.857118964195251465e-01,2.669705450534820557e-01
4.646614193916320801e-01,7.289979457855224609e-01
4.249704480171203613e-01,5.428098142147064209e-02
3.652044534683227539e-01,5.730713605880737305e-01
5.449319481849670410e-01,-4.592616856098175049e-01
4.753659367561340332e-01,3.248049318790435791e-01
6.899187564849853516e-01,6.360583901405334473e-01
5.798686742782592773e-01,-3.546723127365112305e-01
7.036945819854736328e-01,7.059305906295776367e-01
6.253988146781921387e-01,5.862354040145874023e-01
8.049090206623077393e-02,1.006645243614912033e-02
7.191537618637084961e-01,6.997076272964477539e-01
2.210303544998168945e-01,-6.660674810409545898e-01
6.659977436065673828e-01,5.241185426712036133e-01
5.413662195205688477e-01,8.465871214866638184e-01
1.019697934389114380e-01,3.150250390172004700e-02
2.753409445285797119e-01,5.970148444175720215e-01
1.039928644895553589e-01,7.497572340071201324e-03
8.153659105300903320e-01,4.775323569774627686e-01
6.722477078437805176e-01,3.827159106731414795e-01
-1.842261403799057007e-01,-3.102453984320163727e-02
5.035184025764465332e-01,8.773838877677917480e-01
2.646554112434387207e-01,7.382629066705703735e-02
7.468876838684082031e-01,6.128788590431213379e-01
-3.618545234203338623e-01,-1.667012833058834076e-02
6.574677824974060059e-01,6.026084423065185547e-01
6.598813533782958984e-01,5.564562082290649414e-01
6.777426004409790039e-01,3.508315682411193848e-01
6.900813579559326172e-01,6.710054278373718262e-01
5.094868540763854980e-01,3.825094997882843018e-01
3.140175044536590576e-01,6.552109122276306152e-01
4.572551846504211426e-01,9.534102678298950195e-02
5.561841726303100586e-01,8.407917618751525879e-01
6.123047471046447754e-01,1.947353482246398926e-01
5.370185375213623047e-01,8.285643458366394043e-01
7.624412775039672852e-01,6.843694448471069336e-01
1.978036761283874512e-01,3.698236495256423950e-02
5.253194570541381836e-01,-3.179956972599029541e-01
5.084070563316345215e-01,7.264707088470458984e-01
-1.464812904596328735e-01,-5.505774635821580887e-03
1.127008274197578430e-01,1.743862926959991455e-01
7.117677330970764160e-01,2.438946962356567383e-01
3.350980579853057861e-01,6.319274902343750000e-01
7.771180868148803711e-01,6.153642535209655762e-01
1.284078806638717651e-01,1.932160556316375732e-01
-3.126727044582366943e-01,-4.122117459774017334e-01
4.704848825931549072e-01,-1.533902063965797424e-02
5.845682024955749512e-01,-2.448574006557464600e-01
6.681160926818847656e-01,5.973874330520629883e-01
4.446294307708740234e-01,-4.996981918811798096e-01
4.932014942169189453e-01,7.274733781814575195e-01
5.061408281326293945e-01,8.495516777038574219e-01
5.335882306098937988e-01,-3.129927515983581543e-01
7.359678149223327637e-01,7.010367512702941895e-01
2.032088637351989746e-01,4.697188436985015869e-01
5.493718385696411133e-01,-5.052616000175476074e-01
5.727630853652954102e-01,6.531811952590942383e-01
2.537633776664733887e-01,5.818648934364318848e-01
-7.477261126041412354e-02,-2.026520296931266785e-02
6.425684094429016113e-01,6.272611021995544434e-01
7.235202789306640625e-01,5.151492953300476074e-01
3.143473565578460693e-01,6.392637491226196289e-01
-1.230584233999252319e-01,6.727728061378002167e-03
-1.580736972391605377e-02,1.293054372072219849e-01
6.474956274032592773e-01,-3.729964792728424072e-01
-1.616574972867965698e-01,-3.312446773052215576e-01
2.594918906688690186e-01,5.894988179206848145e-01
7.437806725502014160e-01,6.653124690055847168e-01
5.751715302467346191e-01,2.186274528503417969e-01
5.241391062736511230e-01,6.937587857246398926e-01
6.306149959564208984e-01,1.608740687370300293e-01
5.707246661186218262e-01,2.129581123590469360e-01
6.581282615661621094e-02,2.694852352142333984e-01
6.574645042419433594e-01,5.863510370254516602e-01
6.201446056365966797e-01,5.622211098670959473e-01
1.599512100219726562e-01,1.991397887468338013e-01
5.002021789550781250e-01,-2.555436640977859497e-02
-8.783756941556930542e-02,-4.103701561689376831e-02
7.564011216163635254e-01,7.075520157814025879e-01
-1.070710867643356323e-01,2.200192511081695557e-01
2.569621801376342773e-01,5.475018620491027832e-01
7.383970022201538086e-01,3.649443387985229492e-01
-6.165807694196701050e-02,-2.535633929073810577e-02
2.687581181526184082e-01,6.209085583686828613e-01
9.666689485311508179e-02,2.518185414373874664e-02
1.986976563930511475e-01,4.730375707149505615e-01
4.506763815879821777e-01,7.696114182472229004e-01
5.299933552742004395e-01,8.001745939254760742e-01
7.284265756607055664e-01,7.234804630279541016e-01
7.382000088691711426e-01,5.962187051773071289e-01
6.521115899085998535e-01,6.636675596237182617e-01
2.817550003528594971e-01,-6.230531334877014160e-01
6.253157258033752441e-01,1.874544620513916016e-01
5.715694427490234375e-01,-3.167913258075714111e-01
1.410237401723861694e-01,3.047572821378707886e-02
1.023091301321983337e-01,3.823729231953620911e-02
5.481958389282226562e-01,2.543914616107940674e-01
4.829175174236297607e-01,7.075645327568054199e-01
2.152565717697143555e-01,5.121384859085083008e-01
1.170873492956161499e-01,-7.683234214782714844e-01
-5.553492158651351929e-02,1.468451768159866333e-01
6.477747559547424316e-01,4.961170852184295654e-01
6.271110773086547852e-01,6.806064844131469727e-01
4.221604466438293457e-01,-6.474058628082275391e-01
4.632306694984436035e-01,7.761992812156677246e-01
6.210582256317138672e-01,-4.868036508560180664e-01
4.518696963787078857e-01,5.588878393173217773e-01
3.112472593784332275e-01,6.830186247825622559e-01
5.788617730140686035e-01,-2.608288824558258057e-01
-1.525205671787261963e-01,1.408414989709854126e-01
5.643112063407897949e-01,2.445668876171112061e-01
5.090079903602600098e-01,8.341643214225769043e-01
-2.018382847309112549e-01,-4.087312817573547363e-01
5.420089960098266602e-01,8.122642040252685547e-01
5.467678308486938477e-01,8.389725089073181152e-01
6.348648667335510254e-01,6.487504839897155762e-01
6.484532952308654785e-01,5.857771039009094238e-01
5.077620744705200195e-01,6.334235072135925293e-01
6.673936843872070312e-01,5.539363622665405273e-01
2.881596386432647705e-01,5.563281774520874023e-01
2.040213048458099365e-01,4.781316220760345459e-01
5.698664188385009766e-01,5.468145012855529785e-01
9.272965602576732635e-03,1.832953840494155884e-01
7.423927187919616699e-01,6.763082146644592285e-01
2.446766495704650879e-01,5.598644018173217773e-01
6.094753369688987732e-02,5.585625022649765015e-02
-9.688923135399818420e-03,2.345439493656158447e-01
1.068313494324684143e-01,2.187175750732421875e-01
6.407340168952941895e-01,-4.609776735305786133e-01
1.833508014678955078e-01,6.186868622899055481e-02
4.519427716732025146e-01,7.562264800071716309e-01
4.934345781803131104e-01,-5.879098773002624512e-01
3.393051922321319580e-01,6.498886346817016602e-01
6.040874719619750977e-01,2.050161063671112061e-01
1.513870507478713989e-01,5.556818097829818726e-02
5.689983367919921875e-01,2.103783786296844482e-01
4.858439862728118896e-01,8.477162718772888184e-01
6.129748821258544922e-01,6.658139824867248535e-01
3.061324059963226318e-01,5.533535480499267578e-01
5.976415276527404785e-01,1.792140454053878784e-01
1.425426304340362549e-01,1.301580201834440231e-02
-3.494427306577563286e-03,2.119134217500686646e-01
4.762280285358428955e-01,8.132933378219604492e-01
6.295294761657714844e-01,6.031960248947143555e-01
-2.976934611797332764e-01,-9.508831053972244263e-02
2.025546580553054810e-01,3.209074214100837708e-02
3.233717978000640869e-01,6.052986383438110352e-01
3.030928075313568115e-01,5.914734601974487305e-01
6.547923684120178223e-01,-4.876604974269866943e-01
4.707288444042205811e-01,7.157571911811828613e-01
1.438504904508590698e-01,1.913873404264450073e-01
4.741806387901306152e-01,7.225422263145446777e-01
2.977496981620788574e-01,5.711948871612548828e-01
2.943042218685150146e-01,6.199600696563720703e-01
2.771324217319488525e-01,6.073103547096252441e-01
4.719317257404327393e-01,8.149277567863464355e-01
2.932932041585445404e-02,1.805885136127471924e-01
6.666246056556701660e-01,3.603829145431518555e-01
5.061833262443542480e-01,6.507423520088195801e-01
4.820252358913421631e-01,3.717280924320220947e-02
5.825324654579162598e-01,2.438373118638992310e-01
5.286383032798767090e-01,7.787658572196960449e-01
4.902657270431518555e-01,3.754688203334808350e-01
-7.014768719673156738e-01,-7.498556375503540039e-01
4.157679378986358643e-01,5.774580240249633789e-01
6.978229284286499023e-01,5.071911215782165527e-01
2.423839420080184937e-01,5.595354437828063965e-01
7.035670876502990723e-01,6.047678589820861816e-01
2.663635611534118652e-01,4.637298583984375000e-01
5.495566129684448242e-01,8.111902475357055664e-01
4.932376742362976074e-01,7.327859401702880859e-01
5.620153546333312988e-01,2.479178011417388916e-01
7.251519560813903809e-01,6.455608010292053223e-01
7.158583998680114746e-01,4.193716943264007568e-01
7.057717442512512207e-01,6.068097949028015137e-01
2.704039514064788818e-01,5.985124707221984863e-01
6.913113594055175781e-01,5.454005002975463867e-01
6.517359614372253418e-02,1.808423846960067749e-01
6.892086863517761230e-01,6.218538880348205566e-01
5.661765336990356445e-01,-5.575836896896362305e-01
2.641597092151641846e-01,5.295629501342773438e-01
5.733913183212280273e-01,2.173792123794555664e-01
4.563303589820861816e-01,4.721502065658569336e-01
4.976387321949005127e-01,8.043565154075622559e-01
6.973709464073181152e-01,5.321034193038940430e-01
-3.780673146247863770e-01,-7.232477515935897827e-02
3.164237737655639648e-01,6.562365889549255371e-01
3.076900839805603027e-01,6.183397769927978516e-01
-2.567024230957031250e-01,-4.025623574852943420e-02
4.939850270748138428e-01,-5.907740592956542969e-01
5.308211445808410645e-01,8.302873373031616211e-01
4.828099310398101807e-01,8.612408041954040527e-01
-3.892191052436828613e-01,-3.421622887253761292e-02
4.516893029212951660e-01,6.575075984001159668e-01
4.705251753330230713e-01,3.381042778491973877e-01
6.690801978111267090e-01,5.554597973823547363e-01
7.881370186805725098e-01,6.708073019981384277e-01
1.453168690204620361e-01,8.961731940507888794e-02
6.536557078361511230e-01,6.757871508598327637e-01
1.576500385999679565e-01,4.175149276852607727e-02
-7.689850777387619019e-02,1.807181537151336670e-02
6.856846809387207031e-01,4.462903439998626709e-01
7.139991521835327148e-01,5.414944291114807129e-01
-3.172841966152191162e-01,-1.407478451728820801e-01
-2.075257450342178345e-01,-6.814751774072647095e-02
6.328338384628295898e-01,4.708248674869537354e-01
2.673415839672088623e-01,5.708282589912414551e-01
2.704346179962158203e-01,-6.498592495918273926e-01
2.639085948467254639e-01,5.965203642845153809e-01
6.826976537704467773e-01,6.839026808738708496e-01
4.776627719402313232e-01,8.246776461601257324e-01
-2.339930832386016846e-01,-4.779108799993991852e-03
5.042746663093566895e-01,8.477134108543395996e-01
6.355502009391784668e-01,4.539672732353210449e-01
-2.281138747930526733e-01,-2.246441505849361420e-02
5.790798664093017578e-01,-3.217975199222564697e-01
5.115942955017089844e-01,6.807930469512939453e-01
7.137921452522277832e-01,6.173819303512573242e-01
4.333106577396392822e-01,7.327468395233154297e-01
4.971015751361846924e-01,7.297613024711608887e-01
6.824691295623779297e-01,3.046084940433502197e-01
6.792910099029541016e-01,5.468707084655761719e-01
1.623543202877044678e-01,2.233106195926666260e-01
7.118126749992370605e-01,6.444241404533386230e-01
-7.685230672359466553e-02,-1.175315212458372116e-02
7.294740676879882812e-01,6.390045881271362305e-01
6.219387054443359375e-01,6.086740493774414062e-01
6.819273233413696289e-01,6.520630121231079102e-01
-2.908005118370056152e-01,-4.644004702568054199e-01
7.191429138183593750e-01,3.559165298938751221e-01
5.331445336341857910e-01,-3.767508864402770996e-01
-4.617844223976135254e-01,-1.128898262977600098e-01
7.097024321556091309e-01,6.654359102249145508e-01
-6.043226718902587891e-01,7.400516867637634277e-01
-4.741537868976593018e-01,6.592118740081787109e-01
2.355259209871292114e-01,4.995649158954620361e-01
7.129276990890502930e-01,6.335148811340332031e-01
4.608460366725921631e-01,-4.802888929843902588e-01
5.249612927436828613e-01,4.241100847721099854e-01
-3.684520125389099121e-01,-5.050804615020751953e-01
5.025863051414489746e-01,6.749744415283203125e-01
5.856785774230957031e-01,2.591027915477752686e-01
-1.099651977419853210e-01,-8.491539955139160156e-01
8.115790486335754395e-01,7.612149715423583984e-01
1.136731430888175964e-01,3.107889182865619659e-02
3.316484689712524414e-01,6.661435961723327637e-01
1.125130243599414825e-02,1.557970046997070312e-01
5.242112874984741211e-01,8.703261017799377441e-01
7.288155555725097656e-01,5.534383654594421387e-01
-6.875494867563247681e-02,1.709342151880264282e-01
4.861707687377929688e-01,7.346085906028747559e-01
6.397247314453125000e-01,5.951600670814514160e-01
6.212185621261596680e-01,4.451530575752258301e-01
5.989295840263366699e-01,1.727320849895477295e-01
1.118183061480522156e-01,2.542369440197944641e-02
3.212029933929443359e-01,6.425811648368835449e-01
6.934124231338500977e-01,5.504645705223083496e-01
6.758598089218139648e-01,6.303722858428955078e-01
4.455869197845458984e-01,5.528138577938079834e-02
5.114260911941528320e-01,8.176984190940856934e-01
5.969412326812744141e-01,1.652904301881790161e-01
4.750018119812011719e-01,5.388172864913940430e-01
-2.563962042331695557e-01,-4.459254443645477295e-02
-3.747560679912567139e-01,-1.270558834075927734e-01
5.407918691635131836e-01,1.942156404256820679e-01
5.614501833915710449e-01,1.945310533046722412e-01
6.218165755271911621e-01,-4.953620433807373047e-01
6.289173960685729980e-01,-2.379793077707290649e-01
-3.267363011837005615e-01,-2.064727246761322021e-02
4.697135686874389648e-01,6.765052676200866699e-01
2.131697088479995728e-01,-7.804406285285949707e-01
7.846248149871826172e-01,7.290239334106445312e-01
-1.749055832624435425e-01,-1.194625906646251678e-02
3.278445899486541748e-01,5.396006703376770020e-01
2.059476226568222046e-01,3.184140473604202271e-02
4.946791529655456543e-01,6.891130208969116211e-01
4.399543404579162598e-01,5.899904966354370117e-01
4.847440421581268311e-01,8.378149867057800293e-01
4.715167582035064697e-01,-4.115521311759948730e-01
3.673360645771026611e-01,6.668177247047424316e-01
-3.623678386211395264e-01,-4.749752581119537354e-01
6.951376199722290039e-01,4.217669069766998291e-01
-7.080430537462234497e-02,1.842833906412124634e-01
6.739431619644165039e-01,4.817199707031250000e-01
4.641456305980682373e-01,6.860013008117675781e-01
4.684016704559326172e-01,8.941241353750228882e-02
2.160181552171707153e-01,-6.185878515243530273e-01
-6.266166269779205322e-02,-5.566114559769630432e-02
-2.875197827816009521e-01,-7.667843997478485107e-02
7.067039012908935547e-01,3.592647910118103027e-01
5.391510725021362305e-01,8.018319606781005859e-01
4.586490690708160400e-01,6.050706505775451660e-01
2.439724057912826538e-01,4.892896115779876709e-01
5.166823267936706543e-01,-5.476773977279663086e-01
3.062860667705535889e-01,5.737351179122924805e-01
4.928459227085113525e-01,-6.949862837791442871e-01
6.770071983337402344e-01,6.494297385215759277e-01
6.459626555442810059e-01,6.217691898345947266e-01
4.590271711349487305e-01,7.340717315673828125e-01
3.749257922172546387e-01,5.663789510726928711e-01
-2.314694225788116455e-01,-9.738911874592304230e-03
4.861301183700561523e-01,8.428990244865417480e-01
4.490047991275787354e-01,7.262302041053771973e-01
-9.985432028770446777e-02,2.188130021095275879e-01
6.456944346427917480e-01,3.360371589660644531e-01
3.949428796768188477e-01,9.822000563144683838e-02
-2.829710841178894043e-01,-8.245891928672790527e-01
5.468704104423522949e-01,6.741960644721984863e-01
2.314796447753906250e-01,5.558432936668395996e-01
4.439571499824523926e-01,7.159804701805114746e-01
6.946922540664672852e-01,6.367874741554260254e-01
3.276085555553436279e-01,5.235083103179931641e-01
5.567123889923095703e-01,8.017649650573730469e-01
3.491429388523101807e-01,5.712336897850036621e-01
6.465080380439758301e-01,4.959093332290649414e-01
5.534658432006835938e-01,-6.173191070556640625e-01
6.757940053939819336e-01,6.456806659698486328e-01
5.498002171516418457e-01,5.722918510437011719e-01
5.245143175125122070e-01,6.563532948493957520e-01
6.376556158065795898e-01,5.814755558967590332e-01
7.454743981361389160e-01,6.666512489318847656e-01
4.969365894794464111e-01,2.246462702751159668e-01
3.223733901977539062e-01,5.913770794868469238e-01
6.822721362113952637e-01,1.448837220668792725e-01
2.414719462394714355e-01,1.046026498079299927e-01
5.027224421501159668e-01,7.222954034805297852e-01
3.230034708976745605e-01,6.031488776206970215e-01
4.811390042304992676e-01,6.675306558609008789e-01
4.722771346569061279e-01,7.226350903511047363e-01
4.859470129013061523e-01,6.804245710372924805e-01
5.459133386611938477e-01,2.219958007335662842e-01
2.992747426033020020e-01,6.110816001892089844e-01
7.241267561912536621e-01,5.916488766670227051e-01
2.817263901233673096e-01,5.249388813972473145e-01
4.812742173671722412e-01,-5.362474359571933746e-03
2.672058045864105225e-01,-7.241796255111694336e-01
5.768696069717407227e-01,1.607502102851867676e-01
5.857749581336975098e-01,-2.431561499834060669e-01
6.171399354934692383e-02,2.222840487957000732e-01
-4.516967833042144775e-01,-7.411399483680725098e-02
1.097674891352653503e-01,2.638170309364795685e-02
6.833829879760742188e-01,5.749291181564331055e-01
1.177539601922035217e-01,5.485602840781211853e-02
3.998495936393737793e-01,5.784237384796142578e-01
6.271234154701232910e-01,5.523319840431213379e-01
5.166161656379699707e-01,6.997475624084472656e-01
-1.988810598850250244e-01,-5.096976831555366516e-02
5.659425854682922363e-01,-1.781700998544692993e-01
1.781590431928634644e-01,-6.192398071289062500e-01
2.390919812023639679e-02,2.423241436481475830e-01
4.955096542835235596e-01,7.085726261138916016e-01
7.155929803848266602e-01,4.722473621368408203e-01
4.510487914085388184e-01,5.966677665710449219e-01
7.790353298187255859e-01,4.787211120128631592e-01
5.442172884941101074e-01,6.364563703536987305e-01
7.762768268585205078e-01,6.709969043731689453e-01
6.741668581962585449e-01,6.476532220840454102e-01
8.096033930778503418e-01,7.242934703826904297e-01
-3.501763641834259033e-01,-1.473911404609680176e-01
7.158289551734924316e-01,5.208468437194824219e-01
5.567713379859924316e-01,2.554007768630981445e-01
5.452799201011657715e-01,8.386228084564208984e-01
2.956170737743377686e-01,-6.737322807312011719e-01
5.400788411498069763e-02,-1.705749193206429482e-03
2.990975081920623779e-01,6.091049313545227051e-01
-2.373278737068176270e-01,-2.290514297783374786e-02
1.035336777567863464e-01,2.743514776229858398e-01
7.694503664970397949e-01,4.580125510692596436e-01
5.532650947570800781e-01,2.127101272344589233e-01
7.918305993080139160e-01,4.766304194927215576e-01
2.860879898071289062e-01,5.059263110160827637e-01
7.228755950927734375e-01,3.786538243293762207e-01
4.978708028793334961e-01,7.023251652717590332e-01
-2.014929354190826416e-01,-1.120702177286148071e-02
6.917335987091064453e-01,5.920985937118530273e-01
6.491757631301879883e-01,5.230741500854492188e-01
5.758846402168273926e-01,1.042252779006958008e-01
4.372033774852752686e-01,4.333919286727905273e-02
4.382570087909698486e-01,7.312635779380798340e-01
7.013038396835327148e-01,6.912613511085510254e-01
6.815345287322998047e-01,5.592854619026184082e-01
-1.544085443019866943e-01,-3.827524930238723755e-02
3.973751962184906006e-01,-6.956964731216430664e-01
6.528660655021667480e-01,2.683155238628387451e-01
6.417814493179321289e-01,5.455504655838012695e-01
1.485794335603713989e-01,-2.840539813041687012e-02
3.214160203933715820e-01,5.979876518249511719e-01
7.337717413902282715e-01,4.525011479854583740e-01
3.777173161506652832e-01,6.321126818656921387e-01
6.723760366439819336e-01,1.924752891063690186e-01
5.100279450416564941e-01,7.684532403945922852e-01
5.099582672119140625e-01,6.584075689315795898e-01
6.599123477935791016e-01,5.600693821907043457e-01
9.846007823944091797e-02,2.795198932290077209e-02
-2.001228928565979004e-01,-4.556217044591903687e-02
6.951605081558227539e-01,3.876038491725921631e-01
7.638672739267349243e-02,-2.101582242175936699e-03
5.043266415596008301e-01,8.207654953002929688e-01
6.714796423912048340e-01,5.848883986473083496e-01
2.354266941547393799e-01,4.489108622074127197e-01
2.458694428205490112e-01,6.078006625175476074e-01
6.463670730590820312e-01,5.637272000312805176e-01
5.798807144165039062e-01,8.345130681991577148e-01
5.102812647819519043e-01,2.222354412078857422e-01
2.105246037244796753e-01,-6.255341768264770508e-01
6.472198367118835449e-01,5.504336357116699219e-01
5.146719813346862793e-01,7.198927998542785645e-01
5.921863317489624023e-01,-4.458937644958496094e-01
4.683679640293121338e-01,-1.191403251141309738e-02
6.864641308784484863e-01,6.777737736701965332e-01
5.627819299697875977e-01,2.153669446706771851e-01
7.862283289432525635e-02,1.868484192527830601e-03
-3.327662944793701172e-01,1.267849560827016830e-02
6.672550439834594727e-01,6.348878145217895508e-01
7.177364826202392578e-01,6.735318899154663086e-01
-4.210059344768524170e-02,2.154160141944885254e-01
3.621946871280670166e-01,-5.986643433570861816e-01
6.636928319931030273e-01,6.198350787162780762e-01
1.748356968164443970e-01,-6.895522475242614746e-01
5.649701356887817383e-01,2.079399824142456055e-01
5.639169812202453613e-01,2.359057813882827759e-01
1.512433886528015137e-01,-6.455903053283691406e-01
6.633693724870681763e-02,1.562768518924713135e-01
8.029127120971679688e-01,7.252664566040039062e-01
5.441536307334899902e-01,2.256150096654891968e-01
3.000650107860565186e-01,6.108684539794921875e-01
5.961331129074096680e-01,5.918315649032592773e-01
-1.190024018287658691e-01,1.661376059055328369e-01
5.428099036216735840e-01,-5.033043026924133301e-01
5.739410519599914551e-01,7.509965896606445312e-01
3.802593052387237549e-02,-8.554623126983642578e-01
4.605672955513000488e-01,-3.621279902290552855e-04
1.640192568302154541e-01,-7.666494846343994141e-01
5.529779791831970215e-01,-1.546428948640823364e-01
4.328878223896026611e-01,7.312480807304382324e-01
7.303511500358581543e-01,5.533106327056884766e-01
6.752919554710388184e-01,5.813501477241516113e-01
1.188284978270530701e-01,1.721190810203552246e-01
-7.994943112134933472e-02,1.982628107070922852e-01
4.636712670326232910e-01,6.864734292030334473e-01
6.423486471176147461e-01,4.482650756835937500e-01
4.977959692478179932e-01,7.404847741127014160e-01
5.214231610298156738e-01,6.624513864517211914e-01
3.814849257469177246e-01,6.222925782203674316e-01
3.026416525244712830e-03,2.081567347049713135e-01
7.022303342819213867e-01,2.919999361038208008e-01
3.129186034202575684e-01,6.594784855842590332e-01
7.183971405029296875e-01,5.824797153472900391e-01
2.368470728397369385e-01,5.671632289886474609e-01
4.134070277214050293e-01,5.673743486404418945e-01
-1.141136512160301208e-02,2.118033170700073242e-01
6.419526934623718262e-01,1.874318271875381470e-01
1.137272566556930542e-01,2.353585958480834961e-01
7.806107401847839355e-01,4.061170518398284912e-01
2.730134427547454834e-01,5.655957460403442383e-01
-3.313589394092559814e-01,-4.754613712430000305e-02
5.283087491989135742e-01,5.459079146385192871e-01
1.011538654565811157e-01,2.201873250305652618e-02
-2.601125976070761681e-03,2.239136993885040283e-01
-3.688644170761108398e-01,6.676467061042785645e-01
7.351872920989990234e-01,4.560296833515167236e-01
5.491399765014648438e-01,2.963749766349792480e-01
-1.865923404693603516e-04,2.113894522190093994e-01
4.103875458240509033e-01,6.765686273574829102e-01
5.176770687103271484e-01,7.788200378417968750e-01
9.489436447620391846e-02,2.163366675376892090e-01
6.547537446022033691e-01,5.448589324951171875e-01
4.068398177623748779e-01,-6.919461488723754883e-01
6.656832098960876465e-01,5.609908699989318848e-01
8.040027022361755371e-01,7.298510670661926270e-01
5.588694214820861816e-01,8.372160792350769043e-01
5.520266294479370117e-01,5.535568594932556152e-01
4.901289939880371094e-01,6.812015175819396973e-01
7.809311747550964355e-01,7.299512624740600586e-01
3.195360004901885986e-01,5.778467655181884766e-01
-3.808174431324005127e-01,-1.550407148897647858e-02
-5.719571188092231750e-02,-3.604133427143096924e-02
5.811770558357238770e-01,-3.606553673744201660e-01
-3.754069209098815918e-01,-3.323017805814743042e-02
2.981261610984802246e-01,4.011067748069763184e-02
6.237190365791320801e-01,4.432996511459350586e-01
7.639713287353515625e-01,4.975266456604003906e-01
6.177725791931152344e-01,-4.324610531330108643e-01
6.773803234100341797e-01,5.325551629066467285e-01
6.085272431373596191e-01,1.755908727645874023e-01
3.971099257469177246e-01,3.852448984980583191e-02
5.217925310134887695e-01,6.607101559638977051e-01
7.215694785118103027e-01,4.671378731727600098e-01
4.621937870979309082e-01,7.060666680335998535e-01
3.034079968929290771e-01,6.357553005218505859e-01
1.128657013177871704e-01,-6.415953636169433594e-01
7.216404080390930176e-01,4.385711848735809326e-01
4.315309524536132812e-01,7.561339139938354492e-01
4.762153923511505127e-01,3.502811491489410400e-01
1.698577404022216797e-01,6.494729220867156982e-02
6.082960963249206543e-01,1.576553285121917725e-01
4.598428606986999512e-01,3.491666913032531738e-01
5.302190184593200684e-01,8.658335208892822266e-01
2.329400181770324707e-01,5.014335513114929199e-01
5.165229439735412598e-01,8.912028670310974121e-01
4.975135922431945801e-01,7.943658828735351562e-01
4.084077775478363037e-01,-4.932804703712463379e-01
5.020585656166076660e-01,8.190490007400512695e-01
3.374937772750854492e-01,5.942553281784057617e-01
3.508665263652801514e-01,6.433016061782836914e-01
7.490918040275573730e-01,4.392125904560089111e-01
4.765896797180175781e-01,5.648035928606987000e-02
5.612739324569702148e-01,-5.526416897773742676e-01
7.640272844582796097e-03,1.750941872596740723e-01
7.087413668632507324e-01,6.555088162422180176e-01
3.189925551414489746e-01,-5.376600027084350586e-01
4.878938794136047363e-01,-5.093300342559814453e-01
8.157525062561035156e-01,4.585644602775573730e-01
4.734718501567840576e-01,-5.479273200035095215e-01
5.096864104270935059e-01,6.847910284996032715e-01
1.536822468042373657e-01,4.614359512925148010e-02
5.383411049842834473e-01,7.935894727706909180e-01
4.314137101173400879e-01,-1.246146392077207565e-02
5.187528133392333984e-01,6.846012473106384277e-01
4.758585095405578613e-01,8.096175193786621094e-01
1.948193609714508057e-01,4.555654227733612061e-01
4.696303904056549072e-01,5.246060490608215332e-01
8.127960562705993652e-01,4.558899402618408203e-01
-1.542252898216247559e-01,-3.791651874780654907e-02
6.336398720741271973e-01,4.843443632125854492e-01
6.642908453941345215e-01,5.054844617843627930e-01
7.152698636054992676e-01,5.733120441436767578e-01
5.483952164649963379e-01,8.314899206161499023e-01
6.143988966941833496e-01,2.715418636798858643e-01
4.848035871982574463e-01,6.876935362815856934e-01
5.667171478271484375e-01,1.733361631631851196e-01
7.728232145309448242e-01,3.897515237331390381e-01
1.613567620515823364e-01,5.388871207833290100e-02
7.838602066040039062e-01,4.621433615684509277e-01
-3.471240699291229248e-01,-5.283261090517044067e-02
4.584144651889801025e-01,5.511172413825988770e-01
4.218282401561737061e-01,5.989456176757812500e-01
2.403027266263961792e-01,3.897638991475105286e-02
7.167536616325378418e-01,4.748434722423553467e-01
8.068276047706604004e-01,7.231028676033020020e-01
1.912917494773864746e-01,5.193773508071899414e-01
7.208306193351745605e-01,6.431735754013061523e-01
-1.381860580295324326e-02,2.029672861099243164e-01
7.297685742378234863e-01,6.903793215751647949e-01
-1.217078417539596558e-01,-7.271766662597656250e-06
6.180242300033569336e-01,-3.898410499095916748e-01
5.442493557929992676e-01,7.669522166252136230e-01
5.345951914787292480e-01,8.098773360252380371e-01
6.464838385581970215e-01,4.346593618392944336e-01
7.523699402809143066e-01,6.531482338905334473e-01
3.730003833770751953e-01,6.475848555564880371e-01
4.999009370803833008e-01,7.215257883071899414e-01
6.351987123489379883e-01,6.297945976257324219e-01
5.628687739372253418e-01,2.394195348024368286e-01
4.659551978111267090e-01,7.379926443099975586e-01
3.046675622463226318e-01,6.166685223579406738e-01
6.493110656738281250e-01,6.003243923187255859e-01
7.129172086715698242e-01,6.654607057571411133e-01
7.248063683509826660e-01,5.617174506187438965e-01
2.531644403934478760e-01,5.202926993370056152e-01
3.459109067916870117e-01,6.562871336936950684e-01
5.403044819831848145e-01,2.124786078929901123e-01
6.278878450393676758e-01,6.032716631889343262e-01
5.758663415908813477e-01,1.781968325376510620e-01
8.213018178939819336e-01,4.184624850749969482e-01
4.542142748832702637e-01,8.118167519569396973e-03
2.681656777858734131e-01,5.437648296356201172e-01
-1.276924367994070053e-02,2.159484773874282837e-01
-1.146943867206573486e-01,-7.770904153585433960e-02
-3.297280967235565186e-01,-7.967795245349407196e-03
6.815826296806335449e-01,4.517446756362915039e-01
5.217890739440917969e-01,6.896125078201293945e-01
6.682031154632568359e-01,5.356073975563049316e-01
8.130564689636230469e-01,5.124068856239318848e-01
6.953934431076049805e-01,6.290854215621948242e-01
7.298473119735717773e-01,3.938213884830474854e-01
4.645132422447204590e-01,-2.196883782744407654e-02
4.923514723777770996e-01,6.845530867576599121e-01
4.895473718643188477e-01,-4.821080863475799561e-01
5.729626417160034180e-01,-3.386713862419128418e-01
5.552548170089721680e-01,2.435720413923263550e-01
6.748644709587097168e-01,6.063359379768371582e-01
5.681579709053039551e-01,7.582849264144897461e-01
-3.174816966056823730e-01,-4.552751481533050537e-01
6.096509099006652832e-01,1.667357683181762695e-01
6.827850341796875000e-01,5.921742320060729980e-01
4.811445772647857666e-01,6.859377622604370117e-01
5.352001190185546875e-01,-5.428537130355834961e-01
2.799656391143798828e-01,5.958699584007263184e-01
5.414165854454040527e-01,7.947177886962890625e-01
2.048467844724655151e-01,4.609732329845428467e-01
5.541628599166870117e-01,2.583473026752471924e-01
1.248866319656372070e-04,1.647856831550598145e-01
7.475540637969970703e-01,4.414628446102142334e-01
4.281193614006042480e-01,7.305585741996765137e-01
-2.221148461103439331e-01,-9.147508442401885986e-02
2.296166718006134033e-01,5.337850451469421387e-01
6.667580008506774902e-01,5.145249962806701660e-01
4.875419437885284424e-01,5.187898278236389160e-01
5.203659534454345703e-01,7.262842059135437012e-01
7.495331019163131714e-02,-1.643369719386100769e-02
5.039980411529541016e-01,7.786339521408081055e-01
4.853302538394927979e-01,8.130747079849243164e-01
4.974628388881683350e-01,6.877362132072448730e-01
-3.732332587242126465e-01,-4.088963940739631653e-02
5.294158458709716797e-01,7.307810187339782715e-01
7.958371192216873169e-02,1.789953112602233887e-01
3.784126043319702148e-01,6.655626893043518066e-01
-3.537003993988037109e-01,-4.578301310539245605e-01
2.741442024707794189e-01,-5.894205570220947266e-01
6.044358611106872559e-01,5.439301133155822754e-01
4.273718893527984619e-01,-6.223900318145751953e-01
6.682540178298950195e-01,5.883220434188842773e-01
2.164318561553955078e-01,5.063809156417846680e-01
5.278795957565307617e-01,8.381075859069824219e-01
2.631417214870452881e-01,6.222171187400817871e-01
5.025853514671325684e-01,8.246164321899414062e-01
7.778580188751220703e-01,7.545441985130310059e-01
6.589448451995849609e-01,5.674791932106018066e-01
4.228681623935699463e-01,6.945331394672393799e-02
7.795415520668029785e-01,6.952098608016967773e-01
5.009080171585083008e-01,4.417911767959594727e-01
7.536165118217468262e-01,7.492989301681518555e-01
6.333879232406616211e-01,6.428609490394592285e-01
6.700043082237243652e-01,4.643793702125549316e-01
4.872890412807464600e-01,6.963893771171569824e-01
6.499666571617126465e-01,4.232076108455657959e-01
7.285383939743041992e-01,5.545585155487060547e-01
7.137387990951538086e-01,6.656782627105712891e-01
5.137491822242736816e-01,7.067486047744750977e-01
3.525279760360717773e-01,6.189340949058532715e-01
5.882194638252258301e-01,1.723538488149642944e-01
6.642028689384460449e-01,6.216894388198852539e-01
7.166823744773864746e-01,6.894480586051940918e-01
4.764644801616668701e-01,5.644190311431884766e-01
5.879746079444885254e-01,2.019982933998107910e-01
5.605955719947814941e-01,-4.099567234516143799e-01
9.086938202381134033e-02,1.401685737073421478e-02
6.680731773376464844e-01,4.129720330238342285e-01
7.010780572891235352e-01,3.832345902919769287e-01
5.317706465721130371e-01,8.089985251426696777e-01
-3.872133195400238037e-01,-4.155283421277999878e-02
6.448128819465637207e-01,4.820290207862854004e-01
6.118135452270507812e-01,2.021557539701461792e-01
6.864141225814819336e-01,5.731679201126098633e-01
1.356179267168045044e-01,4.375623539090156555e-03
6.992252469062805176e-01,6.246151328086853027e-01
4.518493413925170898e-01,6.821631193161010742e-01
4.914468228816986084e-01,4.967033490538597107e-02
7.067807316780090332e-01,6.782243251800537109e-01
6.588895916938781738e-01,-5.087383389472961426e-01
3.299013376235961914e-01,6.057752370834350586e-01
3.944380283355712891e-01,-5.217888951301574707e-01
5.201297998428344727e-01,2.166627347469329834e-01
6.639096140861511230e-01,6.083515286445617676e-01
3.697169423103332520e-01,6.883766055107116699e-01
6.640308499336242676e-01,-4.310616552829742432e-01
4.536842107772827148e-01,7.965010404586791992e-01
6.224492192268371582e-01,5.759671330451965332e-01
5.362244844436645508e-01,6.675817370414733887e-01
7.034757137298583984e-01,5.512824058532714844e-01
7.907077670097351074e-01,5.172260999679565430e-01
2.422085702419281006e-01,5.682673454284667969e-01
-2.893270254135131836e-01,-2.217178232967853546e-02
-3.473874330520629883e-01,-8.626956343650817871e-01
3.716751337051391602e-01,6.677705645561218262e-01
2.791679799556732178e-01,4.861838817596435547e-01
8.214363455772399902e-01,4.024441242218017578e-01
4.716013967990875244e-01,7.087436318397521973e-01
6.500462889671325684e-01,4.283851683139801025e-01
4.357463717460632324e-01,6.960768699645996094e-01
4.802291393280029297e-01,5.228615403175354004e-01
1.823759973049163818e-01,5.478079617023468018e-02
3.193650543689727783e-01,5.399622321128845215e-01
3.027337789535522461e-01,5.117931365966796875e-01
4.480008184909820557e-01,-2.713444642722606659e-02
6.485525369644165039e-01,5.617237687110900879e-01
3.826792240142822266e-01,6.193806529045104980e-01
6.972054243087768555e-01,6.119361519813537598e-01
6.988494396209716797e-01,6.833038330078125000e-01
1.559331268072128296e-01,2.305794805288314819e-01
2.624061107635498047e-01,5.978940129280090332e-01
1.491610854864120483e-01,-7.196054458618164062e-01
5.234853029251098633e-01,5.882772207260131836e-01
2.733482122421264648e-01,4.995251893997192383e-01
2.908699512481689453e-01,5.807212591171264648e-01
4.645768404006958008e-01,7.174109220504760742e-01
4.264362156391143799e-01,3.165037333965301514e-01
7.298805117607116699e-01,6.787391901016235352e-01
5.718618631362915039e-01,2.186634391546249390e-01
4.170746803283691406e-01,6.836667656898498535e-01
4.679052233695983887e-01,7.524420619010925293e-01
6.317784190177917480e-01,5.373210906982421875e-01
7.166634202003479004e-01,5.565204024314880371e-01
-3.398892879486083984e-01,-7.591061294078826904e-02
5.052273273468017578e-01,-2.732660770416259766e-01
5.413030982017517090e-01,7.769654989242553711e-01
6.505861282348632812e-01,5.958957076072692871e-01
4.941698610782623291e-01,5.985470414161682129e-01
4.979117810726165771e-01,-3.831025213003158569e-03
4.021724760532379150e-01,5.355411767959594727e-01
5.396475195884704590e-01,8.094808459281921387e-01
3.204778432846069336e-01,6.064870953559875488e-01
2.810244262218475342e-01,5.847604274749755859e-01
4.558617472648620605e-01,7.419103384017944336e-01
5.923897027969360352e-01,2.906117737293243408e-01
6.500972509384155273e-01,6.284293532371520996e-01
7.361160516738891602e-01,6.292378902435302734e-01
-5.523186922073364258e-01,7.115753889083862305e-01
5.930619239807128906e-01,1.997690647840499878e-01
1.339659839868545532e-01,2.547915279865264893e-01
7.412261962890625000e-01,7.053323984146118164e-01
5.232219099998474121e-01,8.241057991981506348e-01
7.190783619880676270e-01,3.768439888954162598e-01
4.850090146064758301e-01,7.347171902656555176e-01
1.964646279811859131e-01,-7.179546952247619629e-01
2.900378406047821045e-01,5.704843252897262573e-02
9.490099549293518066e-02,-3.402680158615112305e-04
-1.690448671579360962e-01,1.562608033418655396e-01
3.069019019603729248e-01,6.321626901626586914e-01
7.675496935844421387e-01,5.555014610290527344e-01
4.629028141498565674e-01,1.323177199810743332e-02
4.813562333583831787e-01,6.540670990943908691e-01
5.624429583549499512e-01,2.003490477800369263e-01
7.201892137527465820e-02,-3.819217905402183533e-02
5.337716341018676758e-01,6.941575407981872559e-01
-1.533825695514678955e-01,-1.554918102920055389e-02
6.599528789520263672e-01,6.443372964859008789e-01
-2.941262722015380859e-01,-1.229247972369194031e-01
-1.315835416316986084e-01,-3.161103427410125732e-01
7.253454923629760742e-01,6.817415356636047363e-01
4.375776350498199463e-01,7.233694195747375488e-01
4.791984856128692627e-01,7.103523015975952148e-01
6.395713090896606445e-01,4.612701535224914551e-01
5.223305225372314453e-01,5.322856307029724121e-01
6.299313902854919434e-01,2.032572180032730103e-01
4.456290006637573242e-01,7.348301410675048828e-01
2.666737139225006104e-01,5.501506924629211426e-01
3.572673499584197998e-01,6.156786084175109863e-01
5.063893795013427734e-01,6.823917627334594727e-01
6.427195668220520020e-01,-4.759868681430816650e-01
3.555770218372344971e-01,6.354742050170898438e-01
4.362732172012329102e-01,8.309202790260314941e-01
3.461840450763702393e-01,5.732492208480834961e-01
-5.156736820936203003e-02,1.774135679006576538e-01
4.495787918567657471e-01,-4.989960193634033203e-01
3.162191212177276611e-01,6.061667799949645996e-01
9.536714851856231689e-02,2.806622162461280823e-02
4.763228893280029297e-01,3.506246805191040039e-01
4.595303237438201904e-01,6.964595317840576172e-01
6.990574598312377930e-01,6.347752213478088379e-01
6.322682499885559082e-01,5.796993374824523926e-01
6.489591598510742188e-01,-3.856692910194396973e-01
8.254483342170715332e-02,1.890312135219573975e-01
5.039715170860290527e-01,7.950791716575622559e-01
6.641761064529418945e-01,5.743750929832458496e-01
5.884172320365905762e-01,2.493444234132766724e-01
5.769302248954772949e-01,2.600066661834716797e-01
4.920140206813812256e-01,-4.937379956245422363e-01
3.887286484241485596e-01,5.840737223625183105e-01
6.177517175674438477e-01,2.854194343090057373e-01
-5.616009607911109924e-02,-9.088940173387527466e-02
3.046728670597076416e-02,2.253257632255554199e-01
4.639092087745666504e-01,6.600698828697204590e-01
5.415829420089721680e-01,2.588124573230743408e-01
8.964448422193527222e-02,1.785531081259250641e-02
2.264535427093505859e-01,6.021034121513366699e-01
5.986104011535644531e-01,2.135525792837142944e-01
5.809378027915954590e-01,2.075535655021667480e-01
2.526912689208984375e-01,6.212776303291320801e-01
4.565283656120300293e-01,4.931530654430389404e-01
6.862900853157043457e-01,3.189662396907806396e-01
2.586006522178649902e-01,5.811437368392944336e-01
6.402488946914672852e-01,3.965572416782379150e-01
4.627082347869873047e-01,5.158017277717590332e-01
-3.754451572895050049e-01,-8.382507413625717163e-02
-3.386642932891845703e-01,-1.742977499961853027e-01
6.376461386680603027e-01,-4.754389226436614990e-01
6.809118390083312988e-01,6.094291210174560547e-01
6.449347734451293945e-01,-5.169646739959716797e-01
5.558943748474121094e-01,1.987239569425582886e-01
1.854184120893478394e-01,4.755439162254333496e-01
7.585694789886474609e-01,5.858638882637023926e-01
4.766764342784881592e-01,3.526060581207275391e-01
4.840177595615386963e-01,7.449446916580200195e-01
4.858255386352539062e-01,4.696536362171173096e-01
5.728434324264526367e-01,8.279597759246826172e-01
5.221258997917175293e-01,8.008149266242980957e-01
1.013451218605041504e-01,1.981413513422012329e-01
3.984549045562744141e-01,5.861747860908508301e-01
7.187861800193786621e-01,4.046266973018646240e-01
1.634516194462776184e-02,1.460909545421600342e-01
6.280927062034606934e-01,1.767341941595077515e-01
6.672846078872680664e-01,2.968199253082275391e-01
4.535567164421081543e-01,-6.207311991602182388e-03
-3.558542728424072266e-01,-2.872735820710659027e-02
5.171920657157897949e-01,8.378308415412902832e-01
1.218573004007339478e-01,-7.937712073326110840e-01
5.204479098320007324e-01,6.789296269416809082e-01
5.449022054672241211e-01,-5.736992955207824707e-01
3.025596439838409424e-01,6.426168680191040039e-01
4.764534533023834229e-01,7.322143316268920898e-01
4.922716319561004639e-01,-5.929075479507446289e-01
6.480448842048645020e-01,3.130113482475280762e-01
5.948894023895263672e-01,8.414200544357299805e-01
1.487435549497604370e-01,3.527043387293815613e-02
6.106660515069961548e-02,1.975038349628448486e-01
6.479865908622741699e-01,6.602963209152221680e-01
-3.662765324115753174e-01,-6.602869182825088501e-02
4.214892089366912842e-01,-4.745582640171051025e-01
3.628380596637725830e-01,6.571450233459472656e-01
5.665127635002136230e-01,-3.342823982238769531e-01
4.319784045219421387e-01,-1.802617311477661133e-02
5.957876443862915039e-01,1.616975665092468262e-01
4.673101902008056641e-01,8.277691602706909180e-01
3.028542697429656982e-01,5.727306008338928223e-01
5.705786943435668945e-01,2.552075982093811035e-01
3.388952910900115967e-01,6.251692175865173340e-01
2.671840488910675049e-01,5.764245986938476562e-01
1.284520626068115234e-01,2.902221493422985077e-02
-2.698154151439666748e-01,1.451379992067813873e-02
5.341743826866149902e-01,-4.939931929111480713e-01
4.977482259273529053e-01,7.868893742561340332e-01
4.822030961513519287e-01,5.992450118064880371e-01
5.039580464363098145e-01,8.265407085418701172e-01
6.520022749900817871e-01,3.562447130680084229e-01
-2.660008668899536133e-01,-1.088678371161222458e-03
6.149891614913940430e-01,-4.407601654529571533e-01
6.879801750183105469e-01,5.501541495323181152e-01
5.099551677703857422e-01,7.234501838684082031e-01
4.678302705287933350e-01,8.426966071128845215e-01
6.630765795707702637e-01,6.181129813194274902e-01
2.997961938381195068e-01,6.110803484916687012e-01
9.460718929767608643e-02,-1.568299159407615662e-02
1.213460713624954224e-01,1.607891917228698730e-02
5.786313414573669434e-01,2.341739088296890259e-01
6.812792420387268066e-01,5.436112284660339355e-01
6.492316126823425293e-01,5.765430331230163574e-01
1.030992865562438965e-01,2.025191187858581543e-01
6.052814126014709473e-01,-3.076389431953430176e-01
6.040449738502502441e-01,1.966435462236404419e-01
4.918758273124694824e-01,8.542950153350830078e-01
-2.988363802433013916e-01,-5.067573785781860352e-01
6.605209708213806152e-01,5.594171285629272461e-01
2.978605628013610840e-01,6.282873749732971191e-01
4.735308289527893066e-01,2.667811699211597443e-02
1.489070355892181396e-01,5.442952364683151245e-02
-5.840514898300170898e-01,6.776778697967529297e-01
6.534361839294433594e-01,6.051657199859619141e-01
7.210813164710998535e-01,6.394930481910705566e-01
6.194800138473510742e-01,1.657042354345321655e-01
5.099014043807983398e-01,8.298264145851135254e-01
-5.000063776969909668e-01,7.598490715026855469e-01
5.422763228416442871e-01,8.204554915428161621e-01
4.661634266376495361e-01,7.226121425628662109e-01
-4.709050953388214111e-01,-4.450167417526245117e-01
5.434198975563049316e-01,6.294713616371154785e-01
-3.655363917350769043e-01,-4.057713150978088379e-01
8.153506517410278320e-01,4.190048873424530029e-01
6.493918299674987793e-01,5.078254938125610352e-01
7.987833619117736816e-01,4.798254668712615967e-01
5.138224959373474121e-01,8.316994905471801758e-01
4.581325128674507141e-02,2.036528140306472778e-01
5.589931607246398926e-01,1.388381421566009521e-01
2.318260669708251953e-01,5.501896888017654419e-02
-3.631883114576339722e-02,1.688865423202514648e-01
2.313497066497802734e-01,4.495187997817993164e-01
5.541852116584777832e-01,-3.431720435619354248e-01
5.117781162261962891e-01,8.837344646453857422e-01
6.942278742790222168e-01,6.321541070938110352e-01
5.029634833335876465e-01,-4.322909414768218994e-01
9.008543938398361206e-02,1.423976868391036987e-01
6.263045072555541992e-01,1.344668120145797729e-01
6.889423727989196777e-01,6.172935366630554199e-01
5.708207488059997559e-01,-3.796725273132324219e-01
1.195703893899917603e-01,1.357112918049097061e-02
-7.051202654838562012e-02,-1.423247903585433960e-02
9.464544802904129028e-02,1.908491551876068115e-01
3.028898537158966064e-01,5.976932048797607422e-01
6.782163977622985840e-01,6.150190830230712891e-01
3.084302246570587158e-01,6.499737501144409180e-01
7.508995383977890015e-02,1.374532096087932587e-02
1.096405312418937683e-01,-1.035908237099647522e-01
6.818069517612457275e-02,1.872511506080627441e-01
6.746185421943664551e-01,6.668283939361572266e-01
6.351451277732849121e-01,5.593439936637878418e-01
-4.975495338439941406e-01,6.873382329940795898e-01
6.293159127235412598e-01,5.405052900314331055e-01
-3.773491382598876953e-01,-3.717958629131317139e-01
6.727847456932067871e-02,1.974642574787139893e-01
4.497119188308715820e-01,4.766049981117248535e-02
-3.998893201351165771e-01,-6.897787004709243774e-02
4.933682680130004883e-01,5.962912440299987793e-01
4.995287656784057617e-01,-1.398013345897197723e-02
6.432899236679077148e-01,6.500972509384155273e-01
-5.466489866375923157e-02,1.550385355949401855e-01
4.674333631992340088e-01,6.962689161300659180e-01
3.984467685222625732e-02,-4.015941545367240906e-02
1.221075728535652161e-01,3.945258259773254395e-02
3.470799922943115234e-01,4.883977174758911133e-01
-1.920866034924983978e-02,1.751704216003417969e-01
5.283246636390686035e-01,8.308891654014587402e-01
-2.972087822854518890e-02,-2.234455011785030365e-02
3.079867064952850342e-01,6.621288061141967773e-01
-3.585823178291320801e-01,-6.115426868200302124e-02
6.243916153907775879e-01,6.058039069175720215e-01
5.169624686241149902e-01,7.945376038551330566e-01
4.601144194602966309e-01,7.102453708648681641e-01
7.714641690254211426e-01,6.812635064125061035e-01
6.259531974792480469e-01,4.786019027233123779e-01
7.085694074630737305e-01,7.151349782943725586e-01
3.422756791114807129e-01,6.584223508834838867e-01
4.940792024135589600e-01,8.245042562484741211e-01
3.208845257759094238e-01,6.522668004035949707e-01
6.640391349792480469e-01,5.646680593490600586e-01
4.487628340721130371e-01,-5.802366733551025391e-01
-3.201964199542999268e-01,-4.544881880283355713e-01
-2.055974453687667847e-01,-3.606856614351272583e-02
4.651025682687759399e-02,1.342343389987945557e-01
-7.544524967670440674e-02,-3.476537019014358521e-02
4.743933379650115967e-01,8.462149500846862793e-01
2.658380270004272461e-01,5.209295749664306641e-01
9.691783785820007324e-02,1.488532405346632004e-02
4.856975376605987549e-01,5.336643457412719727e-01
5.130087137222290039e-01,8.638452887535095215e-01
2.976576983928680420e-01,5.848059058189392090e-01
5.499204397201538086e-01,8.815940022468566895e-01
3.132837712764739990e-01,6.270784735679626465e-01
4.774014651775360107e-01,7.162780165672302246e-01
4.912092387676239014e-01,8.401591777801513672e-01
6.427634954452514648e-01,5.567953586578369141e-01
6.743004918098449707e-01,5.595185756683349609e-01
5.976973846554756165e-02,-2.004307359457015991e-01
-2.821703255176544189e-01,-4.011608958244323730e-01
-2.140568941831588745e-02,2.095441818237304688e-01
4.767690598964691162e-01,6.749614477157592773e-01
4.786816537380218506e-01,6.800778508186340332e-01
5.553075671195983887e-01,8.210050463676452637e-01
5.166729688644409180e-01,7.603011131286621094e-01
7.112402319908142090e-01,6.033919453620910645e-01
4.485594630241394043e-01,6.958283782005310059e-01
-3.150583803653717041e-01,-4.101112484931945801e-01
7.166785001754760742e-01,3.465729355812072754e-01
4.549699723720550537e-01,6.375158429145812988e-01
7.706760764122009277e-01,7.691695094108581543e-01
3.303883671760559082e-01,5.499616861343383789e-01
4.779020249843597412e-01,7.702789306640625000e-01
4.837590456008911133e-01,7.182118892669677734e-01
5.598656833171844482e-02,1.215748209506273270e-02
2.038021087646484375e-01,4.758076667785644531e-01
8.227015733718872070e-01,7.477703690528869629e-01
6.184056997299194336e-01,-4.081370532512664795e-01
4.402782917022705078e-01,7.312370538711547852e-01
5.169387459754943848e-01,8.321664929389953613e-01
2.530735135078430176e-01,4.995850026607513428e-01
2.974074184894561768e-01,5.987898707389831543e-01
7.359138131141662598e-01,2.850380539894104004e-01
1.349647045135498047e-01,-8.158446550369262695e-01
6.836671233177185059e-01,3.806059360504150391e-01
3.520444333553314209e-01,5.927296280860900879e-01
4.159129559993743896e-01,6.229427456855773926e-01
-3.807130157947540283e-01,-4.838336706161499023e-01
6.215006709098815918e-01,6.329624652862548828e-01
7.321903109550476074e-01,7.069897651672363281e-01
1.761943250894546509e-01,3.689391538500785828e-02
-5.971061587333679199e-01,-5.641425251960754395e-01
4.516828656196594238e-01,6.975842118263244629e-01
5.498358011245727539e-01,-4.963518381118774414e-01
-1.020776182413101196e-01,-8.426185846328735352e-01
6.505529284477233887e-01,5.811210274696350098e-01
1.339302361011505127e-01,4.959812387824058533e-02
4.546719193458557129e-01,-1.287423446774482727e-02
3.135514259338378906e-02,1.819428205490112305e-01
2.631300389766693115e-01,5.722826719284057617e-01
6.071203947067260742e-01,1.821687668561935425e-01
4.970804452896118164e-01,3.496206402778625488e-01
6.212708950042724609e-01,1.600320488214492798e-01
4.600418210029602051e-01,6.999796032905578613e-01
4.751435816287994385e-01,6.679118871688842773e-01
2.949390411376953125e-01,6.150379180908203125e-01
1.777889877557754517e-01,6.031308323144912720e-02
4.823435246944427490e-01,2.793267071247100830e-01
4.502775371074676514e-01,1.215232722461223602e-02
7.269283533096313477e-01,6.444485187530517578e-01
5.158266425132751465e-01,8.076665401458740234e-01
4.694560170173645020e-01,-5.763322114944458008e-01
-1.240777075290679932e-01,-2.825641036033630371e-01
-3.212713599205017090e-01,-2.120069786906242371e-02
-2.649473771452903748e-02,1.806340962648391724e-01
5.857328772544860840e-01,2.087150812149047852e-01
6.576278805732727051e-01,5.202438235282897949e-01
6.748183369636535645e-01,5.759786963462829590e-01
7.275630831718444824e-01,5.034880042076110840e-01
6.734691858291625977e-01,6.288753747940063477e-01
7.283838391304016113e-01,5.922725796699523926e-01
4.818260669708251953e-01,8.039579391479492188e-01
6.253367066383361816e-01,1.660608649253845215e-01
-2.409702241420745850e-01,-6.042863428592681885e-02
-7.551254332065582275e-02,4.480704665184020996e-03
7.033931612968444824e-01,6.511769294738769531e-01
5.319660305976867676e-01,8.451142311096191406e-01
4.954457879066467285e-01,2.666712738573551178e-02
3.009753525257110596e-01,5.138606429100036621e-01
6.462365984916687012e-01,3.947984576225280762e-01
4.593816399574279785e-01,-4.793337881565093994e-01
6.111710667610168457e-01,-3.510903716087341309e-01
5.230634808540344238e-01,6.664323210716247559e-01
4.306492805480957031e-01,-6.258270740509033203e-01
8.120273351669311523e-01,7.081060409545898438e-01
4.119144976139068604e-01,2.118108570575714111e-01
2.747950553894042969e-01,5.450079441070556641e-01
-4.096061885356903076e-01,-5.637596920132637024e-02
2.529582977294921875e-01,5.943535566329956055e-01
3.997564017772674561e-01,-6.040595173835754395e-01
7.706672698259353638e-02,-8.573777675628662109e-01
6.855347156524658203e-01,3.087462186813354492e-01
5.915744304656982422e-01,1.997357308864593506e-01
2.942714393138885498e-01,5.458287000656127930e-01
7.261000871658325195e-01,3.965549767017364502e-01
4.948869645595550537e-01,8.296843767166137695e-01
6.072887182235717773e-01,1.940254420042037964e-01
7.909266352653503418e-01,5.000469088554382324e-01
4.747059941291809082e-01,6.915559768676757812e-01
4.524982869625091553e-01,7.093042135238647461e-01
2.884536683559417725e-01,4.899061918258666992e-01
-7.253848016262054443e-02,1.492766886949539185e-01
7.745273113250732422e-01,4.405951797962188721e-01
-2.073687762022018433e-01,-8.359007239341735840e-01
-1.822561621665954590e-01,-1.195008773356676102e-02
3.847449421882629395e-01,7.022343873977661133e-01
5.313145518302917480e-01,8.018546700477600098e-01
-5.922667309641838074e-02,1.590101122856140137e-01
5.717861652374267578e-01,1.687894314527511597e-01
6.997123360633850098e-01,4.854106903076171875e-01
4.848251044750213623e-01,5.251922607421875000e-01
6.786445379257202148e-01,1.991140544414520264e-01
6.824356913566589355e-01,4.177850186824798584e-01
3.116051554679870605e-01,6.147729754447937012e-01
5.849389359354972839e-02,3.541559725999832153e-02
6.753266453742980957e-01,6.123612523078918457e-01
4.696078300476074219e-01,7.054334282875061035e-01
-3.580519855022430420e-01,-3.556503355503082275e-02
2.365344613790512085e-01,5.790108442306518555e-01
5.684409737586975098e-01,2.787670195102691650e-01
5.653265863656997681e-02,-3.952797129750251770e-02
1.812141537666320801e-01,4.976782798767089844e-01
5.520781874656677246e-01,6.415091753005981445e-01
2.968627512454986572e-01,5.638234019279479980e-01
6.530150175094604492e-01,4.234516322612762451e-01
5.464735031127929688e-01,5.523299574851989746e-01
7.448826432228088379e-01,6.557328104972839355e-01
6.230326890945434570e-01,2.197819203138351440e-01
7.175138592720031738e-01,6.142421364784240723e-01
5.357442498207092285e-01,8.062801957130432129e-01
-1.811184138059616089e-01,1.944294273853302002e-01
1.152944341301918030e-01,-7.026900649070739746e-01
6.413317918777465820e-01,5.810149908065795898e-01
2.395667433738708496e-01,9.045380353927612305e-02
4.743204414844512939e-01,9.077284485101699829e-03
1.700084954500198364e-01,-6.331211328506469727e-01
3.943760395050048828e-01,6.291214227676391602e-01
4.610599279403686523e-01,-4.509848952293395996e-01
4.820834696292877197e-01,6.889693737030029297e-01
5.890412330627441406e-01,8.109819889068603516e-01
-4.417681396007537842e-01,6.289315819740295410e-01
7.197422981262207031e-01,6.484695076942443848e-01
2.330827414989471436e-01,5.261902213096618652e-01
7.066958546638488770e-01,2.575576901435852051e-01
4.934731125831604004e-01,6.865641474723815918e-01
-3.165071606636047363e-01,5.203840788453817368e-03
2.828500270843505859e-01,-7.034637928009033203e-01
7.544641941785812378e-02,2.431540563702583313e-02
5.807993561029434204e-02,2.211273461580276489e-01
1.330393701791763306e-01,2.371803484857082367e-02
2.786659002304077148e-01,5.460708141326904297e-01
7.212782651185989380e-02,1.184978708624839783e-02
4.424077272415161133e-01,6.980842947959899902e-01
6.959282755851745605e-01,6.793257594108581543e-01
5.902081727981567383e-01,6.929581165313720703e-01
3.323945999145507812e-01,6.258501410484313965e-01
-5.148243308067321777e-01,-8.745856285095214844e-01
3.248075246810913086e-01,7.003028988838195801e-01
6.813960671424865723e-01,6.198797821998596191e-01
6.121933460235595703e-01,1.830238252878189087e-01
-5.303736031055450439e-02,2.146825343370437622e-01
4.835031032562255859e-01,1.272083725780248642e-02
-4.371318817138671875e-01,-4.035530090332031250e-01
7.937760353088378906e-01,4.798239767551422119e-01
3.344837725162506104e-01,6.027699708938598633e-01
7.227989435195922852e-01,6.994552612304687500e-01
7.420297265052795410e-01,6.556334495544433594e-01
5.139352679252624512e-01,8.026454448699951172e-01
6.150915622711181641e-01,2.513700425624847412e-01
6.220620870590209961e-01,1.981768608093261719e-01
6.699237823486328125e-01,3.181432783603668213e-01
6.846567988395690918e-01,6.799820661544799805e-01
4.380619823932647705e-01,7.320958375930786133e-01
3.426522910594940186e-01,-7.115755081176757812e-01
-3.342432379722595215e-01,-8.034041151404380798e-03
6.404559016227722168e-01,5.212110280990600586e-01
3.174757361412048340e-01,5.737918615341186523e-01
5.333626866340637207e-01,7.940345406532287598e-01
6.799594163894653320e-01,5.965998172760009766e-01
2.176999747753143311e-01,7.439813762903213501e-02
3.060318827629089355e-01,5.740683674812316895e-01
4.417957663536071777e-01,3.361938297748565674e-01
4.704309999942779541e-01,-6.354484707117080688e-03
5.903477668762207031e-01,1.835073530673980713e-01
-2.478181570768356323e-01,1.799953985027968884e-03
7.309063524007797241e-02,-2.497057057917118073e-02
1.217208504676818848e-01,2.652340196073055267e-02
2.780518233776092529e-01,5.772355794906616211e-01
6.176823377609252930e-01,4.566709399223327637e-01
1.029710564762353897e-02,1.832507103681564331e-01
2.501406893134117126e-02,1.722510457038879395e-01
6.904957890510559082e-01,6.564050316810607910e-01
1.720383763313293457e-01,9.880608320236206055e-02
2.935678660869598389e-01,6.467974781990051270e-01
2.123708277940750122e-01,4.153258726000785828e-02
-6.396859884262084961e-02,2.382828891277313232e-01
-3.480500578880310059e-01,-5.781445652246475220e-02
3.014751076698303223e-01,6.240161061286926270e-01
4.569019973278045654e-01,5.183153152465820312e-01
5.223422050476074219e-01,3.997363150119781494e-01
6.396363377571105957e-01,2.238364666700363159e-01
-3.443175256252288818e-01,-4.658086970448493958e-02
2.549159824848175049e-01,5.175474286079406738e-01
2.232236713171005249e-01,4.650284051895141602e-01
8.133144974708557129e-01,3.988858759403228760e-01
-7.515698671340942383e-02,-1.328534726053476334e-02
5.403870344161987305e-01,6.663746237754821777e-01
-2.338987141847610474e-01,-6.525697559118270874e-02
-3.585816025733947754e-01,-3.861974552273750305e-02
8.065837621688842773e-01,7.246653437614440918e-01
1.570961177349090576e-01,4.659092053771018982e-02
6.923216581344604492e-01,5.443791747093200684e-01
4.717086255550384521e-01,7.949223518371582031e-01
-1.552422046661376953e-01,-6.469272077083587646e-02
6.704612970352172852e-01,6.277211308479309082e-01
5.198622345924377441e-01,8.520741462707519531e-01
6.115267872810363770e-01,1.937679648399353027e-01
2.722169458866119385e-01,5.996446013450622559e-01
6.645503640174865723e-01,2.656593918800354004e-01
6.476824283599853516e-01,4.859482944011688232e-01
7.322022318840026855e-01,6.594029068946838379e-01
4.595874547958374023e-01,4.048703610897064209e-02
2.503894567489624023e-01,5.093128681182861328e-01
4.627780914306640625e-01,7.000411152839660645e-01
6.784670352935791016e-01,6.262305974960327148e-01
5.291012525558471680e-01,8.067677617073059082e-01
4.289827048778533936e-01,5.543303489685058594e-01
7.557824254035949707e-01,3.011280894279479980e-01
4.376175701618194580e-01,5.309382081031799316e-01
3.823535889387130737e-02,9.349134634248912334e-04
5.780500769615173340e-01,-3.428711593151092529e-01
6.652337312698364258e-01,5.053232312202453613e-01
5.015663504600524902e-01,8.411968946456909180e-01
2.916418015956878662e-01,6.403009891510009766e-01
7.029871344566345215e-01,5.329350829124450684e-01
-2.155955284833908081e-01,-9.860191494226455688e-02
7.841011881828308105e-01,3.558018505573272705e-01
4.569197297096252441e-01,4.670660477131605148e-03
6.811382174491882324e-01,4.150572419166564941e-01
1.183849647641181946e-01,1.787852644920349121e-01
7.406776547431945801e-01,6.108181476593017578e-01
-2.797771096229553223e-01,-3.640181198716163635e-02
6.803120970726013184e-01,6.878891587257385254e-01
4.501663446426391602e-01,2.565600164234638214e-02
-3.085029721260070801e-01,-4.261174798011779785e-01
-2.311777323484420776e-02,1.680183559656143188e-01
4.782585501670837402e-01,5.888994038105010986e-02
5.234373211860656738e-01,-2.922908365726470947e-01
4.855606555938720703e-01,5.659193918108940125e-02
-1.757072061300277710e-01,3.405185183510184288e-03
2.236653268337249756e-01,4.639188349246978760e-01
6.126198768615722656e-01,4.269061088562011719e-01
6.840187907218933105e-01,5.729672312736511230e-01
4.941187202930450439e-01,8.714166879653930664e-01
7.643161416053771973e-01,4.724821746349334717e-01
7.010067105293273926e-01,6.278052330017089844e-01
4.805472493171691895e-01,3.544386327266693115e-01
8.046902418136596680e-01,3.667857944965362549e-01
-1.852375119924545288e-01,-8.139156550168991089e-02
1.415563225746154785e-01,2.032489925622940063e-01
3.345016539096832275e-01,-5.410853624343872070e-01
5.196677446365356445e-01,8.714231848716735840e-01
7.180370092391967773e-01,6.210939288139343262e-01
7.355101108551025391e-01,5.350626707077026367e-01
2.956988513469696045e-01,6.557533740997314453e-01
-3.992042541503906250e-01,-6.315604597330093384e-02
4.546556472778320312e-01,6.312487125396728516e-01
4.537929296493530273e-01,5.291509628295898438e-01
5.204958915710449219e-01,7.313623428344726562e-01
-1.892422437667846680e-01,-4.484128952026367188e-01
4.855311214923858643e-01,6.982355713844299316e-01
6.818218231201171875e-01,6.746679544448852539e-01
5.094343423843383789e-01,8.244001865386962891e-01
4.058250486850738525e-01,1.030265241861343384e-01
4.807556867599487305e-01,3.576960861682891846e-01
6.719174981117248535e-01,3.710597157478332520e-01
4.324493110179901123e-01,-4.492264091968536377e-01
3.149192035198211670e-01,5.710321068763732910e-01
1.546095609664916992e-01,3.986999392509460449e-02
-2.224849462509155273e-01,-4.206389486789703369e-01
7.327404618263244629e-01,6.070020198822021484e-01
6.652418375015258789e-01,2.884300947189331055e-01
-3.101699650287628174e-01,-4.216904565691947937e-02
4.616781771183013916e-01,7.104251384735107422e-01
5.378234982490539551e-01,-4.886643588542938232e-01
3.964135944843292236e-01,2.134079337120056152e-01
6.678187251091003418e-01,5.897253155708312988e-01
-8.548251539468765259e-02,-2.675870656967163086e-01
6.612097620964050293e-01,6.280355453491210938e-01
4.666433632373809814e-01,8.572738170623779297e-01
4.071104899048805237e-02,2.598882317543029785e-01
3.079628646373748779e-01,6.337632536888122559e-01
4.037139713764190674e-01,-4.815691411495208740e-01
-7.006940990686416626e-02,-3.613929823040962219e-02
4.519485682249069214e-02,2.194745093584060669e-01
5.576709508895874023e-01,2.288035303354263306e-01
2.011856883764266968e-01,6.364886462688446045e-02
7.163178920745849609e-01,3.588746488094329834e-01
4.715809822082519531e-01,8.022685647010803223e-01
5.147848129272460938e-01,8.199828267097473145e-01
8.258340358734130859e-01,4.531551599502563477e-01
4.002574458718299866e-02,2.260567545890808105e-01
5.201265811920166016e-01,-5.980278924107551575e-02
5.183770656585693359e-01,-1.837581582367420197e-02
4.685457050800323486e-01,7.298485636711120605e-01
5.695685148239135742e-01,2.376148998737335205e-01
-2.749435417354106903e-02,-9.417828987352550030e-04
2.762281596660614014e-01,6.186064481735229492e-01
2.629969418048858643e-01,4.516108930110931396e-01
4.860704839229583740e-01,8.569805622100830078e-01
-8.145716786384582520e-02,1.047817096114158630e-01
6.139146089553833008e-01,6.474989056587219238e-01
-4.064462482929229736e-01,-5.182635784149169922e-01
1.692255586385726929e-01,-6.749808788299560547e-01
-3.256394863128662109e-01,-4.443557560443878174e-01
2.936876118183135986e-01,5.493023991584777832e-01
3.487264513969421387e-01,7.025351375341415405e-02
4.494798779487609863e-01,5.650223493576049805e-01
5.151438117027282715e-01,-1.995046995580196381e-02
3.041878342628479004e-01,-6.454855203628540039e-01
7.599186301231384277e-01,7.160704731941223145e-01
-1.731682717800140381e-01,-3.548084199428558350e-02
8.746222592890262604e-03,-2.293152958154678345e-01
3.538193404674530029e-01,6.557345390319824219e-01
4.318979978561401367e-01,3.573547005653381348e-01
6.800449490547180176e-01,6.148160696029663086e-01
5.962670445442199707e-01,2.266189754009246826e-01
6.539210081100463867e-01,-5.580607652664184570e-01
6.878833174705505371e-01,4.659990966320037842e-01
5.496824979782104492e-01,-4.301694929599761963e-01
4.951640367507934570e-01,8.222056627273559570e-01
5.430864691734313965e-01,2.405358105897903442e-01
1.031894907355308533e-01,3.230003640055656433e-02
6.190676093101501465e-01,-5.240436196327209473e-01
-2.328632175922393799e-01,-3.518136218190193176e-02
3.632272183895111084e-01,6.631473898887634277e-01
4.714792072772979736e-01,7.335166335105895996e-01
6.735594272613525391e-01,7.050994038581848145e-01
3.982817828655242920e-01,6.743137240409851074e-01
7.796663641929626465e-01,4.232805669307708740e-01
5.298580527305603027e-01,8.700903654098510742e-01
-1.723130345344543457e-01,-3.066042661666870117e-01
7.536606788635253906e-01,4.806353449821472168e-01
5.144996643066406250e-01,-5.367672443389892578e-01
4.545583724975585938e-01,7.171633839607238770e-01
6.766726970672607422e-01,6.169825792312622070e-01
2.202963680028915405e-01,4.745039045810699463e-01
6.192119717597961426e-01,5.830128788948059082e-01
5.454631149768829346e-02,1.691751182079315186e-01
-4.739896580576896667e-02,1.941279023885726929e-01
4.445429146289825439e-01,7.185795903205871582e-01
7.451534867286682129e-01,4.556675255298614502e-01
5.154150128364562988e-01,6.881111860275268555e-01
3.002386391162872314e-01,-6.452657580375671387e-01
7.732758522033691406e-01,6.471767425537109375e-01
7.163406014442443848e-01,6.632984280586242676e-01
5.684518218040466309e-01,1.606992930173873901e-01
2.356103807687759399e-01,5.356881618499755859e-01
4.866588711738586426e-01,6.641947627067565918e-01
9.232946485280990601e-02,1.434604227542877197e-01
4.991084039211273193e-01,8.121417760848999023e-01
3.101018071174621582e-01,6.376488804817199707e-01
4.810338318347930908e-01,-1.421729754656553268e-02
-6.322408318519592285e-01,7.124608755111694336e-01
7.067161202430725098e-01,3.757540285587310791e-01
3.722276091575622559e-01,6.318281888961791992e-01
7.314687967300415039e-01,6.201838254928588867e-01
4.711240530014038086e-01,7.958530187606811523e-01
4.838428199291229248e-01,8.075799345970153809e-01
3.216193616390228271e-01,6.580731272697448730e-01
6.211897730827331543e-01,-3.726566433906555176e-01
1.860518753528594971e-01,2.897772751748561859e-02
7.021417617797851562e-01,5.644212365150451660e-01
2.720696330070495605e-01,6.051113009452819824e-01
5.168393254280090332e-01,3.005583286285400391e-01
7.582212090492248535e-01,4.575855731964111328e-01
3.495360612869262695e-01,6.630697846412658691e-01
6.728639006614685059e-01,6.244935393333435059e-01
7.296124100685119629e-01,6.835619807243347168e-01
-5.347469355911016464e-03,1.917998790740966797e-01
6.710441708564758301e-01,6.167246103286743164e-01
3.793182373046875000e-01,5.754211544990539551e-01
3.889163732528686523e-01,1.107739284634590149e-01
1.098509952425956726e-01,1.511743199080228806e-02
1.638773977756500244e-01,3.572142869234085083e-02
3.302621543407440186e-01,5.726905465126037598e-01
5.414327383041381836e-01,7.834101915359497070e-01
7.216189503669738770e-01,4.593737423419952393e-01
6.860137581825256348e-01,6.078750491142272949e-01
2.471586316823959351e-01,5.834341049194335938e-01
3.932036086916923523e-02,-7.302770614624023438e-01
5.135172009468078613e-01,-3.348379954695701599e-02
7.841561436653137207e-01,4.904617667198181152e-01
2.912438213825225830e-01,5.631179809570312500e-01
6.665882468223571777e-01,5.907334089279174805e-01
5.292110443115234375e-01,6.596385836601257324e-01
7.264635562896728516e-01,6.699653267860412598e-01
6.370552182197570801e-01,-4.331367015838623047e-01
-2.920660674571990967e-01,7.333400659263134003e-03
-3.741552829742431641e-01,-1.369182765483856201e-01
3.540329933166503906e-01,-5.219699740409851074e-01
6.137928962707519531e-01,1.945716291666030884e-01
6.922281384468078613e-01,5.119607448577880859e-01
4.439120590686798096e-01,2.876368723809719086e-02
5.058766603469848633e-01,6.781638264656066895e-01
3.009582757949829102e-01,6.241967678070068359e-01
6.275056600570678711e-01,5.088509917259216309e-01
6.510117650032043457e-02,2.005416899919509888e-01
-1.171547323465347290e-01,1.235490366816520691e-01
-6.813845783472061157e-02,-2.207543328404426575e-02
-3.525825738906860352e-01,-4.596801996231079102e-01
4.481906294822692871e-01,7.389633655548095703e-01
2.248645871877670288e-01,5.162354111671447754e-01
5.380680561065673828e-01,6.626636385917663574e-01
6.806399822235107422e-01,3.689903020858764648e-01
6.625845432281494141e-01,5.362804532051086426e-01
7.337435483932495117e-01,6.613172888755798340e-01
8.497773110866546631e-02,1.693128943443298340e-01
-2.433801591396331787e-01,-9.386573731899261475e-02
5.061205625534057617e-01,-4.390898644924163818e-01
4.737851321697235107e-01,4.845264852046966553e-01
7.356052398681640625e-01,3.382457494735717773e-01
7.581371068954467773e-01,4.881730675697326660e-01
6.997464299201965332e-01,4.961398541927337646e-01
4.437865912914276123e-01,7.151803374290466309e-01
7.066050767898559570e-01,6.533946394920349121e-01
-1.356701739132404327e-02,2.534837424755096436e-01
4.685222208499908447e-01,6.154057383537292480e-01
5.881368741393089294e-02,1.372324209660291672e-02
4.775032699108123779e-01,7.125726342201232910e-01
4.335717558860778809e-01,-5.809993147850036621e-01
1.962661594152450562e-01,4.173361137509346008e-02
5.131355524063110352e-01,8.530730009078979492e-01
5.075418353080749512e-01,3.745006918907165527e-01
5.155076980590820312e-01,7.872568368911743164e-01
3.159566819667816162e-01,5.451513528823852539e-01
7.545142173767089844e-01,6.837289333343505859e-01
8.020836710929870605e-01,4.428410828113555908e-01
6.478998661041259766e-01,4.168427586555480957e-01
3.038027584552764893e-01,6.314624547958374023e-01
2.164706587791442871e-01,4.902818202972412109e-01
5.257398486137390137e-01,-4.702959358692169189e-01
-1.298051774501800537e-01,1.678976565599441528e-01
6.577715873718261719e-01,4.121793210506439209e-01
2.964419722557067871e-01,5.080380439758300781e-01
-3.591643273830413818e-01,-4.962309300899505615e-01
-9.835974872112274170e-02,-1.398272532969713211e-02
1.576526672579348087e-03,1.956745535135269165e-01
1.355085372924804688e-01,2.114408463239669800e-02
4.648167490959167480e-01,7.111284732818603516e-01
5.744938850402832031e-01,2.091672867536544800e-01
6.335744261741638184e-02,1.416975706815719604e-01
7.794311642646789551e-01,5.183801651000976562e-01
7.451816797256469727e-01,6.604767441749572754e-01
6.697174310684204102e-01,5.629891753196716309e-01
5.112752318382263184e-01,2.220142483711242676e-01
4.891668856143951416e-01,8.469770550727844238e-01
3.889782726764678955e-01,5.099669098854064941e-01
1.658434867858886719e-01,1.995887048542499542e-02
6.637634038925170898e-01,5.670967102050781250e-01
5.752691030502319336e-01,-5.210137963294982910e-01
6.084190011024475098e-01,-3.715930581092834473e-01
1.723846793174743652e-01,2.411133199930191040e-01
3.283662199974060059e-01,-1.052382290363311768e-01
2.608582675457000732e-01,-5.357227921485900879e-01
6.002587080001831055e-01,-4.670644402503967285e-01
-3.360169231891632080e-01,-3.903830647468566895e-01
-3.324663341045379639e-01,2.524057636037468910e-03
6.996286511421203613e-01,5.965505242347717285e-01
6.973612904548645020e-01,5.298113226890563965e-01
6.466348171234130859e-01,4.216887354850769043e-01
-2.560172379016876221e-01,-4.439361393451690674e-01
4.963916838169097900e-01,8.188481330871582031e-01
2.898568511009216309e-01,5.655624866485595703e-01
2.735039778053760529e-02,1.617577522993087769e-01
-1.197953224182128906e-01,1.046616882085800171e-01
-2.179350554943084717e-01,-5.540894716978073120e-02
6.401496529579162598e-01,4.506420791149139404e-01
4.868026971817016602e-01,5.754659771919250488e-01
5.133326649665832520e-01,-4.084156751632690430e-01
3.241170942783355713e-01,5.995281934738159180e-01
4.361307024955749512e-01,6.222954019904136658e-02
1.076430454850196838e-01,1.392401196062564850e-02
3.777326643466949463e-01,5.876411795616149902e-01
1.098810061812400818e-01,1.813202500343322754e-01
5.657758712768554688e-01,8.691115975379943848e-01
6.877893209457397461e-01,4.827829599380493164e-01
3.050363361835479736e-01,6.369535326957702637e-01
7.088694572448730469e-01,3.648901283740997314e-01
2.983747124671936035e-01,6.304050087928771973e-01
-3.213853836059570312e-01,-4.283900856971740723e-01
4.965133368968963623e-01,3.136530891060829163e-02
3.432079851627349854e-01,5.843885540962219238e-01
4.511823058128356934e-01,7.206107378005981445e-01
7.395616769790649414e-01,7.013957500457763672e-01
-3.600835204124450684e-01,9.316309355199337006e-03
6.251537799835205078e-01,4.296317696571350098e-01
6.897921562194824219e-01,5.617623329162597656e-01
1.912922114133834839e-01,-6.774821877479553223e-01
8.501411974430084229e-02,2.536814510822296143e-01
-4.368736743927001953e-01,-1.261506676673889160e-01
3.237850368022918701e-01,5.060032606124877930e-01
6.194612979888916016e-01,-5.777898430824279785e-01
6.431867480278015137e-01,5.237496495246887207e-01
6.579045057296752930e-01,6.077047586441040039e-01
6.487793326377868652e-01,5.584935545921325684e-01
6.645034551620483398e-01,6.452118158340454102e-01
-1.128776594996452332e-01,-4.714066628366708755e-03
4.492515623569488525e-01,8.055873513221740723e-01
3.332939445972442627e-01,6.150293350219726562e-01
7.145429849624633789e-01,4.907161593437194824e-01
-2.741903997957706451e-02,1.366623193025588989e-01
4.308023452758789062e-01,-5.997769236564636230e-01
-4.465140402317047119e-01,-9.434879571199417114e-02
-4.063792526721954346e-03,1.459393203258514404e-01
5.141282081604003906e-01,6.950000524520874023e-01
4.746688008308410645e-01,-2.181495353579521179e-02
4.607859551906585693e-01,4.952771961688995361e-01
7.666896581649780273e-01,4.449880719184875488e-01
-2.550480887293815613e-02,1.907756626605987549e-01
6.563578248023986816e-01,6.138793826103210449e-01
4.879785776138305664e-01,7.126990556716918945e-01
7.501256465911865234e-01,5.717096328735351562e-01
4.750111699104309082e-01,6.378660798072814941e-01
-4.520830810070037842e-01,-5.224348306655883789e-01
5.991367697715759277e-01,8.555354923009872437e-02
5.075801610946655273e-01,5.845378041267395020e-01
-4.299478232860565186e-01,-9.359548985958099365e-02
3.212380111217498779e-01,5.825666785240173340e-01
6.424606442451477051e-01,5.324598550796508789e-01
-1.232396587729454041e-01,-7.704086899757385254e-01
5.083175897598266602e-01,8.176450729370117188e-01
3.232656419277191162e-01,5.847762823104858398e-01
5.381662249565124512e-01,8.405648469924926758e-01
6.279993653297424316e-01,4.578428864479064941e-01
6.242205500602722168e-01,4.723058640956878662e-01
-2.412424683570861816e-01,-1.241305749863386154e-02
7.076346278190612793e-01,3.394017815589904785e-01
7.444565296173095703e-01,7.072023749351501465e-01
-2.128525525331497192e-01,-1.346517503261566162e-01
2.368448525667190552e-01,6.219354271888732910e-01
6.720553040504455566e-01,6.592335104942321777e-01
4.424736499786376953e-01,7.005059123039245605e-01
-1.301337033510208130e-01,-2.557174488902091980e-02
5.616898536682128906e-01,6.039844155311584473e-01
8.541954308748245239e-02,-7.924506664276123047e-01
6.387792825698852539e-01,6.434127688407897949e-01
5.209176540374755859e-01,8.360156416893005371e-01
7.025493383407592773e-01,3.353775143623352051e-01
6.788374185562133789e-01,5.991348624229431152e-01
-4.161081612110137939e-01,-1.065511703491210938e-01
6.650946736335754395e-01,4.012531340122222900e-01
4.904149472713470459e-01,2.194627672433853149e-01
-2.844187617301940918e-01,-7.025775313377380371e-02
6.587483882904052734e-01,5.926571488380432129e-01
5.324289202690124512e-01,8.679487109184265137e-01
5.606945157051086426e-01,1.929439455270767212e-01
5.308715701103210449e-01,8.230279088020324707e-01
3.357158899307250977e-01,6.029452681541442871e-01
6.122341752052307129e-01,1.595730781555175781e-01
6.975079178810119629e-01,6.314679384231567383e-01
-2.588136494159698486e-02,1.388804167509078979e-01
3.482223153114318848e-01,6.555591821670532227e-01
4.699861407279968262e-01,-5.322795510292053223e-01
4.625611007213592529e-01,-4.736957848072052002e-01
5.486056804656982422e-01,2.938125729560852051e-01
-2.372683584690093994e-01,-7.867344468832015991e-02
2.125882357358932495e-01,-7.607033848762512207e-01
6.644733548164367676e-01,6.147763133049011230e-01
1.208174377679824829e-01,1.434390544891357422e-01
-3.267188668251037598e-01,-1.230620294809341431e-01
5.965639948844909668e-01,2.268300205469131470e-01
2.394632622599601746e-02,1.680019348859786987e-01
5.781170725822448730e-01,3.198150694370269775e-01
4.810690879821777344e-01,4.969381913542747498e-02
1.025011297315359116e-02,2.057095915079116821e-01
5.081509351730346680e-01,-4.900828897953033447e-01
6.784305572509765625e-01,5.634634494781494141e-01
5.061113834381103516e-01,8.043583631515502930e-01
6.476261019706726074e-01,-6.046633720397949219e-01
3.678112924098968506e-01,5.845928788185119629e-01
5.108720660209655762e-01,8.379293084144592285e-01
5.380159020423889160e-01,7.386078238487243652e-01
6.420223116874694824e-01,-5.138027071952819824e-01
7.100448012351989746e-01,6.021518111228942871e-01
6.713940501213073730e-01,6.649150848388671875e-01
4.785206913948059082e-01,7.056906223297119141e-01
5.228559374809265137e-01,8.405044674873352051e-01
2.532170116901397705e-01,6.611780077219009399e-02
6.585111618041992188e-01,5.408613085746765137e-01
4.352099895477294922e-01,7.069079875946044922e-01
4.611909389495849609e-01,7.196507453918457031e-01
6.227678433060646057e-02,1.723889075219631195e-02
-2.076864987611770630e-01,-6.346109509468078613e-02
-3.772334456443786621e-01,-5.111739039421081543e-01
8.015761375427246094e-01,4.845708310604095459e-01
5.410521626472473145e-01,6.638783812522888184e-01
4.891214370727539062e-01,8.619405627250671387e-01
1.293819397687911987e-01,2.009974271059036255e-01
2.867657542228698730e-01,6.122351288795471191e-01
1.598898321390151978e-01,1.751352474093437195e-02
2.724549770355224609e-01,5.197519063949584961e-01
6.039274930953979492e-01,-2.805474400520324707e-01
6.154794096946716309e-01,5.481847524642944336e-01
6.747978329658508301e-01,4.544037580490112305e-01
7.728888988494873047e-01,3.067815601825714111e-01
2.996344566345214844e-01,6.157994270324707031e-01
3.726484775543212891e-01,5.521728992462158203e-01
3.392626643180847168e-01,5.695160627365112305e-01
4.857192039489746094e-01,5.522956699132919312e-02
4.563141167163848877e-01,6.849076747894287109e-01
-3.275531809777021408e-03,-3.714022040367126465e-02
-1.663212329149246216e-01,-1.737869717180728912e-02
4.996409416198730469e-01,8.529603481292724609e-01
-1.126763448119163513e-01,1.579228788614273071e-01
3.133335709571838379e-01,6.372722387313842773e-01
5.398313999176025391e-01,5.718181729316711426e-01
6.629426479339599609e-01,6.089989542961120605e-01
5.481341481208801270e-01,2.103500366210937500e-01
5.532465577125549316e-01,8.434602022171020508e-01
-3.082127273082733154e-01,-3.974486887454986572e-01
5.469859242439270020e-01,8.611677885055541992e-01
-2.495075911283493042e-01,-8.875231444835662842e-02
6.093694567680358887e-01,2.374130785465240479e-01
4.818253591656684875e-02,2.663429677486419678e-01
4.864110946655273438e-01,6.946241855621337891e-01
3.655580878257751465e-01,-6.671866178512573242e-01
-2.887364104390144348e-02,-3.438343107700347900e-02
5.795627832412719727e-01,1.912560462951660156e-01
7.120478153228759766e-01,4.441617727279663086e-01
7.748928666114807129e-01,4.555176198482513428e-01
4.800809025764465332e-01,6.030165553092956543e-01
2.685331739485263824e-02,-4.735806956887245178e-03
5.338578820228576660e-01,-6.383459568023681641e-01
-1.662535965442657471e-01,-9.191583096981048584e-02
4.680558145046234131e-01,6.878623962402343750e-01
6.397580504417419434e-01,4.943833649158477783e-01
3.170415461063385010e-01,6.283255815505981445e-01
5.181378722190856934e-01,7.584993243217468262e-01
5.931612849235534668e-01,6.301399469375610352e-01
6.379331946372985840e-01,6.046337485313415527e-01
4.827144742012023926e-01,7.261290550231933594e-01
6.848861575126647949e-01,5.536155104637145996e-01
6.371101140975952148e-01,2.985666096210479736e-01
6.444952487945556641e-01,5.376238226890563965e-01
-2.961234562098979950e-02,-4.419392347335815430e-02
2.738160789012908936e-01,5.811650753021240234e-01
5.965072512626647949e-01,-4.243012964725494385e-01
6.721581220626831055e-01,1.757831722497940063e-01
5.739724636077880859e-01,3.265798687934875488e-01
5.232778787612915039e-01,8.353909254074096680e-01
5.016905069351196289e-01,6.915089488029479980e-01
4.519627392292022705e-01,5.517091602087020874e-02
8.117398023605346680e-01,5.046646595001220703e-01
7.010059952735900879e-01,2.032612115144729614e-01
2.820046842098236084e-01,5.887091755867004395e-01
-2.560296058654785156e-01,-1.297967284917831421e-01
4.958243370056152344e-01,3.561731427907943726e-02
5.376388430595397949e-01,7.513861656188964844e-01
7.381728887557983398e-01,3.939666152000427246e-01
3.371877372264862061e-01,5.767131447792053223e-01
4.774304628372192383e-01,-6.020813584327697754e-01
-2.674779295921325684e-01,-3.818786442279815674e-01
-6.441625952720642090e-02,-2.659249901771545410e-01
2.077797427773475647e-02,1.731292605400085449e-01
2.876586019992828369e-01,5.258511900901794434e-01
3.670221269130706787e-01,6.814378499984741211e-01
5.444263815879821777e-01,6.485790014266967773e-01
-2.648104131221771240e-01,-8.075505495071411133e-02
3.118427395820617676e-01,6.096444725990295410e-01
3.586364984512329102e-01,5.092782974243164062e-01
-4.192144870758056641e-01,-5.342952013015747070e-01
-3.736037760972976685e-02,-6.354111433029174805e-01
4.717001914978027344e-01,8.208550810813903809e-01
6.716287732124328613e-01,5.539346337318420410e-01
-1.740990430116653442e-01,1.929698884487152100e-01
6.713581085205078125e-01,6.387055516242980957e-01
6.385858058929443359e-01,5.545226335525512695e-01
5.069798827171325684e-01,8.090575337409973145e-01
2.494278848171234131e-01,5.935924649238586426e-01
5.843485593795776367e-01,2.062271088361740112e-01
-3.004238009452819824e-01,-5.275886505842208862e-02
4.052121639251708984e-01,5.822523832321166992e-01
5.697150230407714844e-01,-5.082731842994689941e-01
-6.380333751440048218e-02,1.084911823272705078e-01
1.197482049465179443e-01,6.689851172268390656e-03
4.148087799549102783e-01,-4.591283574700355530e-02
6.015219688415527344e-01,5.592280626296997070e-01
7.508417963981628418e-01,6.729818582534790039e-01
7.284250259399414062e-01,3.224427103996276855e-01
6.235780715942382812e-01,6.316104531288146973e-01
-1.666843593120574951e-01,-2.793765068054199219e-02
-1.621256209909915924e-02,2.123043984174728394e-01
-1.613879352807998657e-01,-2.236808277666568756e-02
5.080332159996032715e-01,-4.226540029048919678e-01
-1.996966302394866943e-01,-8.502656966447830200e-02
5.311732888221740723e-01,7.906849384307861328e-01
5.020668506622314453e-01,7.782358527183532715e-01
7.570830583572387695e-01,7.319309115409851074e-01
7.801610231399536133e-01,4.721538424491882324e-01
4.973832666873931885e-01,8.334805965423583984e-01
-1.592718362808227539e-01,1.829330325126647949e-01
4.109777510166168213e-01,7.466807365417480469e-01
6.460695862770080566e-01,5.359506607055664062e-01
5.646640062332153320e-01,2.387387752532958984e-01
6.712492704391479492e-01,5.004779696464538574e-01
3.178324699401855469e-01,5.707893371582031250e-01
7.603034973144531250e-01,4.640350341796875000e-01
6.321678161621093750e-01,7.730405330657958984e-01
2.535605430603027344e-01,5.955448746681213379e-01
5.441729426383972168e-01,8.167997002601623535e-01
5.114951133728027344e-01,7.031294107437133789e-01
-2.368052750825881958e-01,-6.701503414660692215e-03
3.391856849193572998e-01,5.539582967758178711e-01
6.761064529418945312e-01,6.988281607627868652e-01
-1.813181340694427490e-01,-9.809251874685287476e-02
-5.590723082423210144e-02,-7.641699910163879395e-01
7.295348048210144043e-01,5.772587060928344727e-01
7.245698571205139160e-01,6.736081838607788086e-01
5.294083966873586178e-04,1.359457224607467651e-01
2.313224971294403076e-02,-1.649080193601548672e-03
5.132548809051513672e-01,-4.519746601581573486e-01
5.081160664558410645e-01,4.727464020252227783e-01
6.268326044082641602e-01,4.679789245128631592e-01
2.434937804937362671e-01,-6.185889840126037598e-01
6.460782289505004883e-01,4.660541117191314697e-01
6.109106540679931641e-01,5.615495443344116211e-01
5.666143298149108887e-01,-3.743687272071838379e-01
5.492389202117919922e-01,7.962204813957214355e-01
-3.351197838783264160e-01,-4.273969680070877075e-03
2.227723449468612671e-01,5.475118756294250488e-01
5.089057683944702148e-01,5.074706673622131348e-01
7.582589983940124512e-01,7.251495718955993652e-01
1.187841817736625671e-01,-1.186044048517942429e-02
6.445257663726806641e-01,5.221489667892456055e-01
4.936810135841369629e-01,7.136034369468688965e-01
1.640988886356353760e-01,3.702814131975173950e-02
4.879142343997955322e-01,5.012053251266479492e-01
4.289348050951957703e-02,-2.172559499740600586e-01
6.693390011787414551e-01,6.467463970184326172e-01
2.369979023933410645e-01,4.654455184936523438e-01
5.069916844367980957e-01,6.982257589697837830e-03
4.731484651565551758e-01,-1.523895887657999992e-03
6.789866685867309570e-01,6.177956461906433105e-01
6.409863829612731934e-01,6.134502291679382324e-01
5.127091407775878906e-01,6.731114387512207031e-01
4.764173328876495361e-01,8.134220242500305176e-01
6.532095670700073242e-01,6.621629595756530762e-01
7.511937022209167480e-01,4.981005191802978516e-01
7.213518619537353516e-01,6.219949722290039062e-01
5.103086829185485840e-01,8.166407942771911621e-01
-2.499376386404037476e-01,1.438527251593768597e-03
6.596700549125671387e-01,5.621108412742614746e-01
3.206769526004791260e-01,6.178739666938781738e-01
5.163200497627258301e-01,8.059406876564025879e-01
2.568766176700592041e-01,5.258557200431823730e-01
3.906629979610443115e-01,6.983697414398193359e-01
7.445647120475769043e-01,5.699114203453063965e-01
6.669984459877014160e-01,6.427711248397827148e-01
-2.808922529220581055e-01,-1.375847458839416504e-01
2.430013865232467651e-01,6.105844974517822266e-01
2.196211963891983032e-01,-6.004191040992736816e-01
1.179393157362937927e-01,3.547426685690879822e-02
7.443190217018127441e-01,4.287673234939575195e-01
7.863734364509582520e-01,4.839840829372406006e-01
6.959224343299865723e-01,6.378107070922851562e-01
1.780814677476882935e-01,5.030618235468864441e-02
9.237097948789596558e-02,2.547192871570587158e-01
6.097355484962463379e-01,2.007778882980346680e-01
7.485287785530090332e-01,6.973358392715454102e-01
-2.013603597879409790e-01,5.592481698840856552e-03
4.819660186767578125e-01,3.506707772612571716e-02
4.254050254821777344e-01,-4.970108270645141602e-01
3.417075276374816895e-01,6.098008155822753906e-01
4.555253982543945312e-01,7.008580565452575684e-01
5.743522047996520996e-01,2.416639029979705811e-01
6.233765482902526855e-01,-3.357074558734893799e-01
-1.936693936586380005e-01,-4.412093013525009155e-02
2.397355288267135620e-01,4.582954943180084229e-01
5.662242770195007324e-01,2.746327221393585205e-01
4.293718039989471436e-01,6.710524857044219971e-02
6.203169822692871094e-01,-4.145635068416595459e-01
6.523482203483581543e-01,5.437046289443969727e-01
8.070534467697143555e-01,4.547325968742370605e-01
7.963460087776184082e-01,4.277508258819580078e-01
3.234982788562774658e-01,6.742835044860839844e-01
5.176525115966796875e-01,6.780768632888793945e-01
5.707424283027648926e-01,8.214536309242248535e-01
7.918157577514648438e-01,6.717205643653869629e-01
3.200308084487915039e-01,5.511612296104431152e-01
1.441002339124679565e-01,3.774167969822883606e-02
3.918728530406951904e-01,6.493230462074279785e-01
-5.292646288871765137e-01,-5.275855660438537598e-01
4.352726042270660400e-01,6.415097713470458984e-01
6.638310551643371582e-01,5.609096884727478027e-01
3.397648930549621582e-01,6.308951973915100098e-01
5.012160539627075195e-01,8.206480145454406738e-01
1.729171127080917358e-01,-7.442942857742309570e-01
4.800596237182617188e-01,7.367203235626220703e-01
6.147280931472778320e-01,2.457013428211212158e-01
2.365404516458511353e-01,5.132423639297485352e-01
5.445221662521362305e-01,1.858701705932617188e-01
4.764002859592437744e-01,-1.001200918108224869e-02
-1.685054600238800049e-02,1.581252068281173706e-01
3.021996915340423584e-01,5.964376330375671387e-01
-8.729109168052673340e-02,-7.708153128623962402e-01
-3.254514634609222412e-01,-3.941550850868225098e-01
6.814507246017456055e-01,2.168835401535034180e-01
7.014758586883544922e-01,4.658000171184539795e-01
2.445443570613861084e-01,5.429431796073913574e-01
3.538783192634582520e-01,6.564470529556274414e-01
2.929505705833435059e-01,5.789046883583068848e-01
6.750724911689758301e-01,5.704495906829833984e-01
-1.723647564649581909e-01,-4.955917596817016602e-02
2.426502555608749390e-01,5.882798433303833008e-01
4.754463136196136475e-01,8.160622715950012207e-01
1.482193358242511749e-02,1.833395063877105713e-01
5.922297239303588867e-01,2.019874304533004761e-01
3.384631872177124023e-01,6.433442234992980957e-01
2.507379055023193359e-01,5.785863846540451050e-02
7.279491424560546875e-01,6.692324876785278320e-01
7.522182911634445190e-02,2.953245937824249268e-01
4.999299943447113037e-01,8.429452776908874512e-01
5.805057883262634277e-01,-3.420434594154357910e-01
-5.186658725142478943e-02,1.720885187387466431e-01
-1.990083456039428711e-01,-4.024266824126243591e-02
2.586549222469329834e-01,5.697041153907775879e-01
-1.474857628345489502e-01,1.439755111932754517e-01
4.918022155761718750e-01,8.262596130371093750e-01
5.524750351905822754e-01,-4.576646685600280762e-01
6.461973786354064941e-01,5.792924761772155762e-01
-1.074202284216880798e-01,1.726511567831039429e-01
7.189212441444396973e-01,4.044660925865173340e-01
4.550633430480957031e-01,8.219323158264160156e-01
6.893767118453979492e-01,4.546792209148406982e-01
6.469463706016540527e-01,3.715682029724121094e-01
7.568773031234741211e-01,6.473035216331481934e-01
2.909910082817077637e-01,5.426129698753356934e-01
-1.372431814670562744e-01,1.860658228397369385e-01
4.522036015987396240e-01,3.528321087360382080e-01
2.967811226844787598e-01,6.041681766510009766e-01
4.669498503208160400e-01,2.891219453886151314e-03
2.884486615657806396e-01,6.125774383544921875e-01
6.797180771827697754e-01,4.399336576461791992e-01
5.334172248840332031e-01,8.092513084411621094e-01
6.320120096206665039e-01,5.639143586158752441e-01
-1.603844016790390015e-01,-3.262514472007751465e-01
4.089980423450469971e-01,5.364755988121032715e-01
-2.256715595722198486e-01,2.708532847464084625e-03
2.119678556919097900e-01,-6.274341344833374023e-01
6.731324791908264160e-01,4.933468699455261230e-01
4.989425539970397949e-01,-5.853862315416336060e-02
3.283674120903015137e-01,5.987780690193176270e-01
6.878032088279724121e-01,5.735304951667785645e-01
1.407528221607208252e-01,1.891657859086990356e-01
4.505969882011413574e-01,4.878184497356414795e-01
8.107583522796630859e-01,4.637235701084136963e-01
5.643176436424255371e-01,8.154868483543395996e-01
4.342853128910064697e-01,9.697134792804718018e-02
6.824570894241333008e-01,4.178071022033691406e-01
-1.784259825944900513e-01,1.458452045917510986e-01
-4.121960997581481934e-01,-4.100256562232971191e-01
6.225956082344055176e-01,2.543440163135528564e-01
7.060642242431640625e-01,4.235050976276397705e-01
3.041884005069732666e-01,6.391755938529968262e-01
1.743928641080856323e-01,5.198225006461143494e-02
8.143755793571472168e-01,3.890417516231536865e-01
2.699308693408966064e-01,5.580902695655822754e-01
3.483233451843261719e-01,6.439414620399475098e-01
3.886771798133850098e-01,6.496995687484741211e-01
6.434656381607055664e-01,5.587534904479980469e-01
4.206208288669586182e-01,6.039115786552429199e-01
1.238107904791831970e-01,-1.646924018859863281e-02
5.117505788803100586e-01,8.721884489059448242e-01
1.506488919258117676e-01,3.085469454526901245e-02
-4.187047779560089111e-01,-4.652401208877563477e-01
5.553203821182250977e-01,5.094732642173767090e-01
-5.840207934379577637e-01,7.173646092414855957e-01
4.717881381511688232e-01,6.800064444541931152e-01
2.865431904792785645e-01,5.429310798645019531e-01
4.854272603988647461e-01,4.912570416927337646e-01
7.299208641052246094e-01,4.670929908752441406e-01
6.845109462738037109e-01,6.457012295722961426e-01
7.831403017044067383e-01,6.278609633445739746e-01
5.836564898490905762e-01,2.315026372671127319e-01
4.955662190914154053e-01,7.231507897377014160e-01
1.390390843152999878e-01,3.447993472218513489e-02
4.355830252170562744e-01,7.266110181808471680e-01
4.794819355010986328e-01,7.393550276756286621e-01
5.385795235633850098e-01,2.432114034891128540e-01
3.108835965394973755e-02,2.217646539211273193e-01
6.560350060462951660e-01,5.288844108581542969e-01
-9.768652915954589844e-02,2.124266773462295532e-01
2.715269327163696289e-01,6.353176236152648926e-01
-3.503216207027435303e-01,-4.785747453570365906e-02
4.894204437732696533e-01,8.217467069625854492e-01
6.933778524398803711e-01,5.545448064804077148e-01
8.141112327575683594e-01,5.031082630157470703e-01
3.123734593391418457e-01,5.986200571060180664e-01
7.009379267692565918e-01,6.831807494163513184e-01
4.516604244709014893e-01,5.109391808509826660e-01
5.501166582107543945e-01,1.619998216629028320e-01
-8.756776154041290283e-02,-1.100987382233142853e-02
-3.060002624988555908e-01,-3.478867560625076294e-02
-5.838996767997741699e-01,-4.759416878223419189e-01
2.586810588836669922e-01,5.058165639638900757e-02
6.588992476463317871e-01,3.795609176158905029e-01
5.354011803865432739e-02,2.121352851390838623e-01
3.134452402591705322e-01,6.139516830444335938e-01
-2.544812858104705811e-01,-4.728416502475738525e-01
6.802254915237426758e-01,5.430142879486083984e-01
4.331337809562683105e-01,5.932080000638961792e-02
7.129759192466735840e-01,2.829649150371551514e-01
6.725265383720397949e-01,6.295359134674072266e-01
6.849191188812255859e-01,5.687504410743713379e-01
-3.208052814006805420e-01,-5.193760991096496582e-01
4.506879150867462158e-01,4.725214466452598572e-02
4.354125633835792542e-02,2.488577663898468018e-01
5.950185060501098633e-01,-4.107748270034790039e-01
7.331328392028808594e-01,6.873687505722045898e-01
4.346842467784881592e-01,7.518296241760253906e-01
-3.104567825794219971e-01,-5.404058843851089478e-02
-3.391326069831848145e-01,-5.951695144176483154e-02
2.077405601739883423e-01,5.652132630348205566e-02
1.126247793436050415e-01,-2.365107880905270576e-03
7.120497822761535645e-01,5.592785477638244629e-01
6.892464756965637207e-01,3.823513388633728027e-01
2.646355628967285156e-01,5.276564359664916992e-01
7.223647236824035645e-01,6.456189751625061035e-01
3.451404869556427002e-01,5.833995342254638672e-01
4.812054038047790527e-01,7.880308032035827637e-01
-4.176763594150543213e-01,-3.726541996002197266e-01
4.947208613157272339e-02,2.176022082567214966e-01
6.710143685340881348e-01,2.479001730680465698e-01
4.705791473388671875e-01,2.275728061795234680e-02
2.575308084487915039e-01,5.000157952308654785e-01
7.499172687530517578e-01,6.999272704124450684e-01
-4.768886417150497437e-02,1.436101347208023071e-01
2.495324611663818359e-01,4.884884357452392578e-01
5.961765646934509277e-01,-3.085874617099761963e-01
2.479604184627532959e-01,6.118975281715393066e-01
9.614147245883941650e-02,-1.723617315292358398e-01
7.280541658401489258e-01,4.747008681297302246e-01
6.628818511962890625e-01,6.142051815986633301e-01
3.173598349094390869e-01,6.437066793441772461e-01
7.693581581115722656e-01,5.737541317939758301e-01
2.734101712703704834e-01,6.118817254900932312e-02
4.471305310726165771e-01,7.145715355873107910e-01
3.608238399028778076e-01,6.253357529640197754e-01
-4.683244600892066956e-02,-1.613281667232513428e-02
3.045220971107482910e-01,5.836482048034667969e-01
5.615925192832946777e-01,2.249816656112670898e-01
2.095967531204223633e-02,2.268462479114532471e-01
6.532968282699584961e-01,5.295623540878295898e-01
2.962924838066101074e-01,5.998729467391967773e-01
7.148360610008239746e-01,6.072649359703063965e-01
-5.766604468226432800e-02,2.279628366231918335e-01
4.982732236385345459e-01,7.098737955093383789e-01
2.478422373533248901e-01,4.643409848213195801e-01
3.174923062324523926e-01,6.228594183921813965e-01
4.963574409484863281e-01,7.617375254631042480e-01
5.178284049034118652e-01,6.031191945075988770e-01
6.803417205810546875e-01,3.889577388763427734e-01
2.818190157413482666e-01,5.802477002143859863e-01
5.154141187667846680e-01,7.069295644760131836e-01
3.370525240898132324e-01,6.090446710586547852e-01
3.087577819824218750e-01,5.825708508491516113e-01
3.970882594585418701e-01,5.343114137649536133e-01
2.172454744577407837e-01,4.739809334278106689e-01
-1.866613477468490601e-01,-4.731865525245666504e-01
2.290495634078979492e-01,7.062286138534545898e-02
-1.680337488651275635e-01,-4.521625488996505737e-02
7.709500789642333984e-01,7.204737067222595215e-01
-2.813254594802856445e-01,-2.623830363154411316e-02
4.830585420131683350e-01,7.260187268257141113e-01
5.297088027000427246e-01,8.193690180778503418e-01
6.503556370735168457e-01,2.956976592540740967e-01
7.674263715744018555e-01,3.500360548496246338e-01
4.780028760433197021e-01,-2.344566024839878082e-02
1.305252164602279663e-01,9.979736059904098511e-03
-6.444059312343597412e-02,1.804151237010955811e-01
5.148234367370605469e-01,6.870178580284118652e-01
7.637395262718200684e-01,6.233758330345153809e-01
7.156444787979125977e-01,4.606272578239440918e-01
5.531999468803405762e-01,8.891716599464416504e-01
2.665289044380187988e-01,-5.550703406333923340e-01
6.820260286331176758e-01,3.487758338451385498e-01
5.686573982238769531e-01,2.096268683671951294e-01
6.121779084205627441e-01,-5.903083682060241699e-01
7.948259711265563965e-01,7.171849608421325684e-01
6.271496415138244629e-01,5.858398079872131348e-01
2.629945576190948486e-01,6.104140281677246094e-01
1.003194153308868408e-01,2.234264910221099854e-01
7.843654751777648926e-01,5.190069079399108887e-01
5.033961534500122070e-01,5.300068855285644531e-01
5.844292044639587402e-01,2.057049423456192017e-01
7.424349188804626465e-01,4.013629257678985596e-01
7.292791604995727539e-01,3.801945447921752930e-01
3.372712135314941406e-01,5.891551375389099121e-01
1.733539998531341553e-01,4.490444064140319824e-01
7.489839792251586914e-01,6.969310641288757324e-01
4.811873137950897217e-01,8.325002193450927734e-01
-2.465426474809646606e-01,-9.207456558942794800e-02
-3.544821739196777344e-01,-5.056132674217224121e-01
6.933571100234985352e-01,3.671388924121856689e-01
3.246856033802032471e-01,6.536748409271240234e-01
6.843723654747009277e-01,5.901538729667663574e-01
4.622048139572143555e-01,8.339794278144836426e-01
-1.088236048817634583e-01,1.696269065141677856e-01
7.230860590934753418e-01,6.558014750480651855e-01
-2.059844089671969414e-03,1.869271844625473022e-01
5.708335638046264648e-01,2.175038754940032959e-01
6.915701031684875488e-01,6.759817600250244141e-01
7.011360526084899902e-01,6.818419694900512695e-01
-2.844603955745697021e-01,-4.471886157989501953e-01
6.604248285293579102e-01,5.694978833198547363e-01
5.281083583831787109e-01,8.322177529335021973e-01
6.347072720527648926e-01,5.804591774940490723e-01
8.005231022834777832e-01,3.828737139701843262e-01
5.097247362136840820e-01,7.119552493095397949e-01
5.436775684356689453e-01,5.714770555496215820e-01
3.253573775291442871e-01,-5.822247862815856934e-01
2.572150528430938721e-01,5.441862940788269043e-01
6.306551098823547363e-01,5.825852751731872559e-01
2.244614809751510620e-01,3.231941536068916321e-02
-3.118175864219665527e-01,-3.562898635864257812e-01
5.162972807884216309e-01,-6.596934795379638672e-01
2.464705258607864380e-01,4.743386805057525635e-01
4.879846870899200439e-01,3.108681179583072662e-02
6.338676214218139648e-01,3.859283924102783203e-01
4.884823560714721680e-01,8.596457242965698242e-01
3.474431931972503662e-01,5.705304741859436035e-01
-3.424796760082244873e-01,-3.875402808189392090e-01
-2.796885930001735687e-02,1.339355856180191040e-01
5.281324982643127441e-01,5.029156208038330078e-01
6.662881970405578613e-01,6.246671676635742188e-01
4.371367990970611572e-01,3.794416785240173340e-02
6.937223672866821289e-01,2.493859082460403442e-01
5.764549970626831055e-01,2.313163876533508301e-01
5.150091052055358887e-01,8.509274125099182129e-01
3.985134363174438477e-01,-1.287748292088508606e-02
6.192367672920227051e-01,2.178516387939453125e-01
1.522792279720306396e-01,3.559487313032150269e-02
6.179244518280029297e-01,-4.953413605690002441e-01
1.073786020278930664e-01,5.735314637422561646e-02
5.066402554512023926e-01,7.700514793395996094e-01
7.472218275070190430e-01,4.085999131202697754e-01
6.165575385093688965e-01,-2.688137888908386230e-01
1.122979968786239624e-01,1.863961964845657349e-01
6.670935153961181641e-01,6.387300491333007812e-01
8.134242296218872070e-01,4.528872668743133545e-01
4.827554821968078613e-01,1.905057206749916077e-02
6.632018089294433594e-01,6.209829449653625488e-01
7.436751127243041992e-01,2.773645222187042236e-01
-2.394193708896636963e-01,-1.846928894519805908e-02
6.920053958892822266e-01,2.377005219459533691e-01
2.599191367626190186e-01,5.356477499008178711e-01
2.382360696792602539e-01,5.066993236541748047e-01
4.542823731899261475e-01,8.522562384605407715e-01
6.925293207168579102e-01,5.581417083740234375e-01
6.018364429473876953e-01,1.825740784406661987e-01
3.614415526390075684e-01,6.373269557952880859e-01
2.587191164493560791e-01,4.592603445053100586e-01
6.745830774307250977e-01,5.593265295028686523e-01
5.980715751647949219e-01,-5.399584770202636719e-01
4.806401431560516357e-01,7.221785783767700195e-01
7.176530957221984863e-01,3.645058274269104004e-01
2.912585735321044922e-01,5.024207830429077148e-01
1.302272975444793701e-01,8.912670426070690155e-03
4.792519807815551758e-01,6.749323010444641113e-01
-6.257238388061523438e-01,7.005040049552917480e-01
-4.245018959045410156e-01,-6.315310299396514893e-02
6.899543404579162598e-01,3.649627864360809326e-01
3.252446651458740234e-01,5.279005169868469238e-01
2.792595624923706055e-01,4.840692579746246338e-01
4.511704742908477783e-01,7.423630356788635254e-01
-2.691025137901306152e-01,-5.184031724929809570e-01
2.781132757663726807e-01,5.789148211479187012e-01
1.752970218658447266e-01,5.281968414783477783e-02
4.475617706775665283e-01,-4.293405413627624512e-01
6.850869655609130859e-01,4.872005283832550049e-01
-1.108562275767326355e-01,-2.230825461447238922e-02
1.472150385379791260e-01,3.346303477883338928e-02
-3.798515200614929199e-01,-5.509240031242370605e-01
4.829923808574676514e-01,7.003641724586486816e-01
4.950304031372070312e-01,2.238428443670272827e-01
7.810057401657104492e-01,4.712982475757598877e-01
5.113672018051147461e-01,8.390952944755554199e-01
7.302054762840270996e-01,6.595665812492370605e-01
2.215722352266311646e-01,5.300939083099365234e-01
4.492296278476715088e-01,6.814699769020080566e-01
-5.546874403953552246e-01,-8.590189218521118164e-01
5.069103837013244629e-01,3.775346279144287109e-01
-4.005034863948822021e-01,-6.320549547672271729e-02
-8.718019723892211914e-02,-8.316802978515625000e-01
4.984823465347290039e-01,8.437209725379943848e-01
6.827594637870788574e-01,5.533697605133056641e-01
-2.848516106605529785e-01,-9.624648839235305786e-02
5.297997593879699707e-01,6.873869895935058594e-01
4.722184538841247559e-01,7.114137411117553711e-01
8.182164430618286133e-01,4.408924579620361328e-01
5.185300111770629883e-01,6.819906234741210938e-01
5.257280468940734863e-01,-5.702736973762512207e-01
2.132548540830612183e-01,4.993145763874053955e-01
4.535983130335807800e-02,5.480785854160785675e-03
3.221687376499176025e-01,6.348036527633666992e-01
7.310613989830017090e-01,5.485845804214477539e-01
-2.150524407625198364e-01,-4.570351168513298035e-02
1.149970516562461853e-01,1.895736306905746460e-01
4.579022824764251709e-01,4.162257909774780273e-01
7.307834029197692871e-01,6.584609746932983398e-01
7.932050824165344238e-01,4.242874979972839355e-01
3.528428077697753906e-01,6.179469227790832520e-01
6.694062352180480957e-01,5.795854330062866211e-01
1.301945000886917114e-01,3.004884580150246620e-03
3.493458032608032227e-01,6.460085511207580566e-01
5.101189613342285156e-01,8.250036835670471191e-01
7.184038162231445312e-01,4.307832717895507812e-01
6.136970520019531250e-01,-4.941495358943939209e-01
5.331118106842041016e-01,8.300571441650390625e-01
7.068811058998107910e-01,4.564168155193328857e-01
7.917780876159667969e-01,6.891895532608032227e-01
5.058452859520912170e-02,2.587527334690093994e-01
-3.893215581774711609e-02,1.931681782007217407e-01
1.111018657684326172e-01,4.163677617907524109e-02
5.129715800285339355e-01,-6.209477186203002930e-01
6.210008263587951660e-01,-3.613529801368713379e-01
3.264645338058471680e-01,6.002390980720520020e-01
4.501010775566101074e-01,6.022788286209106445e-01
5.061946511268615723e-01,-3.680101409554481506e-02
3.010861277580261230e-01,6.345071196556091309e-01
6.479371190071105957e-01,6.725040078163146973e-01
-2.658594250679016113e-01,-5.279536824673414230e-03
5.960043668746948242e-01,6.233555674552917480e-01
-9.654355794191360474e-02,-4.325906932353973389e-02
5.012174844741821289e-01,8.374689817428588867e-01
5.325970053672790527e-01,7.986813187599182129e-01
5.367004871368408203e-01,8.767129778861999512e-01
7.172586321830749512e-01,4.582703709602355957e-01
-2.872965037822723389e-01,-7.350221276283264160e-02
6.754171848297119141e-01,6.459242701530456543e-01
-2.117089927196502686e-01,-3.123929537832736969e-02
7.014672160148620605e-01,4.961668252944946289e-01
3.837343454360961914e-01,-6.737484335899353027e-01
7.394020557403564453e-01,4.733384847640991211e-01
4.465055465698242188e-01,7.199140191078186035e-01
-3.537340462207794189e-01,-9.675373882055282593e-02
9.637542814016342163e-02,1.735219545662403107e-02
3.072981238365173340e-01,6.041816473007202148e-01
4.888705015182495117e-01,5.639104843139648438e-01
5.574717521667480469e-01,4.610696434974670410e-01
7.016729116439819336e-01,6.494299173355102539e-01
5.452157258987426758e-01,8.168112635612487793e-01
1.916997581720352173e-01,-5.898030996322631836e-01
6.755892038345336914e-01,5.570063591003417969e-01
7.128174304962158203e-01,6.603127121925354004e-01
5.333105921745300293e-01,8.282437920570373535e-01
4.684067666530609131e-01,3.547943830490112305e-01
2.145323343575000763e-02,2.300936430692672729e-01
1.497595757246017456e-01,-7.862893980927765369e-04
4.600560963153839111e-01,-5.198844671249389648e-01
3.418400585651397705e-01,6.352884173393249512e-01
-2.269318848848342896e-01,-7.162638753652572632e-02
6.033248901367187500e-01,5.746638178825378418e-01
4.159306585788726807e-01,3.095369227230548859e-02
3.114166557788848877e-01,6.257927417755126953e-01
2.488520927727222443e-02,1.673013418912887573e-01
4.657701849937438965e-01,6.811819076538085938e-01
4.926151335239410400e-01,8.136427998542785645e-01
4.966095685958862305e-01,7.024521380662918091e-02
4.439492523670196533e-01,7.210898399353027344e-01
7.295007109642028809e-01,6.920452117919921875e-01
-4.052876830101013184e-01,-5.760968923568725586e-01
4.236161410808563232e-01,6.818464994430541992e-01
3.490567803382873535e-01,6.795200705528259277e-01
7.118082046508789062e-01,6.424988508224487305e-01
6.620187163352966309e-01,5.323750972747802734e-01
6.474711894989013672e-01,1.791001707315444946e-01
5.191799402236938477e-01,8.170572519302368164e-01
1.143890395760536194e-01,1.986060142517089844e-01
-4.798637032508850098e-01,5.987687110900878906e-01
5.029484629631042480e-01,-4.058122634887695312e-01
7.260298728942871094e-01,5.232568383216857910e-01
3.394380211830139160e-01,5.411008000373840332e-01
3.028325736522674561e-01,6.835645437240600586e-02
-2.332105189561843872e-01,-8.171592950820922852e-01
3.156200423836708069e-02,-6.555691957473754883e-01
1.165847573429346085e-02,2.089904397726058960e-01
-2.384592592716217041e-01,-3.813599422574043274e-02
4.981331229209899902e-01,6.990560889244079590e-01
5.060066580772399902e-01,7.370954751968383789e-01
5.287715792655944824e-01,6.605939865112304688e-01
6.815384626388549805e-01,5.583400130271911621e-01
6.588518023490905762e-01,4.610058069229125977e-01
2.888625562191009521e-01,5.195237398147583008e-01
6.585572957992553711e-01,6.599996685981750488e-01
8.143338561058044434e-01,4.644957184791564941e-01
-4.343153834342956543e-01,-4.849466383457183838e-01
4.579271674156188965e-01,3.939515352249145508e-02
4.671505093574523926e-01,8.698565959930419922e-01
6.203093528747558594e-01,-2.751917839050292969e-01
7.242047786712646484e-01,6.921101212501525879e-01
-1.238889694213867188e-01,-1.931836828589439392e-02
-1.068548113107681274e-01,1.743047237396240234e-01
5.939254164695739746e-01,6.655781865119934082e-01
6.468977332115173340e-01,-5.003828406333923340e-01
4.633151590824127197e-01,-5.250238180160522461e-01
7.161967158317565918e-01,6.391389369964599609e-01
6.477957963943481445e-01,4.734542369842529297e-01
-4.336298108100891113e-01,7.048646211624145508e-01
5.618864670395851135e-02,2.544440925121307373e-01
4.801736474037170410e-01,2.538771927356719971e-01
2.635288238525390625e-01,5.929725766181945801e-01
7.967777848243713379e-01,7.123165726661682129e-01
2.903336882591247559e-01,5.949345231056213379e-01
7.752280235290527344e-01,4.648868441581726074e-01
4.191347062587738037e-01,4.387012124061584473e-02
4.816549718379974365e-01,7.188323140144348145e-01
6.365259289741516113e-01,5.736961364746093750e-01
-2.039601206779479980e-01,-8.555655181407928467e-02
4.761656224727630615e-01,8.326987624168395996e-01
6.720765233039855957e-01,6.307821869850158691e-01
5.249406695365905762e-01,7.118603587150573730e-01
2.426159977912902832e-01,5.738374590873718262e-01
5.332882404327392578e-01,7.698522210121154785e-01
5.111261606216430664e-01,7.616748213768005371e-01
-3.060347437858581543e-01,-3.438429534435272217e-02
-4.021774530410766602e-01,-9.237099438905715942e-02
5.244177579879760742e-01,4.659492075443267822e-01
5.483275651931762695e-01,2.435998767614364624e-01
3.762711882591247559e-01,4.633385837078094482e-01
-3.399655222892761230e-01,-4.556506276130676270e-01
4.537028372287750244e-01,3.322021067142486572e-01
-4.739785566926002502e-03,-3.314247727394104004e-02
-2.685124278068542480e-01,-4.132623970508575439e-01
7.438872456550598145e-01,4.823852479457855225e-01
-3.696275055408477783e-01,-4.627766311168670654e-01
5.504813194274902344e-01,6.791049242019653320e-01
3.989198505878448486e-01,9.979525953531265259e-02
4.898341000080108643e-01,8.627111315727233887e-01
4.463170468807220459e-01,7.680994868278503418e-01
-3.853254318237304688e-01,-5.671545863151550293e-01
7.908285260200500488e-01,4.863353371620178223e-01
3.838369250297546387e-01,5.634568929672241211e-01
4.655437767505645752e-01,3.409024775028228760e-01
5.267925262451171875e-01,6.890339255332946777e-01
7.336674928665161133e-01,5.295498967170715332e-01
4.899111688137054443e-01,7.020026445388793945e-01
3.237341642379760742e-01,6.396617889404296875e-01
6.662189960479736328e-01,5.460570454597473145e-01
4.264269769191741943e-01,4.888525307178497314e-01
5.651847124099731445e-01,1.828226596117019653e-01
2.059637755155563354e-01,7.000265270471572876e-02
6.960660815238952637e-01,6.620469689369201660e-01
6.183005571365356445e-01,4.841391146183013916e-01
2.930271029472351074e-01,5.956213474273681641e-01
4.809387922286987305e-01,8.256520628929138184e-01
2.635021805763244629e-01,5.874522328376770020e-01
1.969114392995834351e-01,4.337812662124633789e-01
5.619049072265625000e-01,-3.457658290863037109e-01
-6.237912923097610474e-02,1.543781906366348267e-01
4.187375605106353760e-01,5.642611980438232422e-01
-3.095632195472717285e-01,3.840353107079863548e-03
1.063992157578468323e-01,3.798603720497339964e-04
4.176235795021057129e-01,8.242101967334747314e-02
7.669630646705627441e-02,2.045185565948486328e-01
4.883515834808349609e-02,1.864810585975646973e-01
3.760993182659149170e-01,6.241357922554016113e-01
1.420693993568420410e-01,4.596296325325965881e-02
5.401304364204406738e-01,6.019908189773559570e-01
4.798800349235534668e-01,-1.191021781414747238e-02
-2.920724749565124512e-01,-9.633333981037139893e-02
4.908364415168762207e-01,8.356358408927917480e-01
7.477760314941406250e-02,8.393850177526473999e-03
-5.537127330899238586e-02,-6.455246359109878540e-02
2.876871228218078613e-01,5.927491188049316406e-01
6.577650904655456543e-01,3.033112883567810059e-01
-4.042995348572731018e-02,-7.287465035915374756e-02
6.144300103187561035e-01,-4.263493418693542480e-01
1.007500365376472473e-01,3.875767439603805542e-02
6.993154883384704590e-01,6.718180775642395020e-01
7.391602396965026855e-01,5.548633337020874023e-01
5.543909668922424316e-01,7.667977213859558105e-01
3.436247631907463074e-02,2.328478097915649414e-01
7.114589214324951172e-01,5.826910734176635742e-01
1.190598607063293457e-01,1.273558754473924637e-02
6.064393520355224609e-01,2.495393902063369751e-01
5.932290554046630859e-01,1.054458245635032654e-01
6.668804883956909180e-01,3.648999035358428955e-01
6.942021250724792480e-01,5.284408330917358398e-01
-4.795666933059692383e-01,-4.439568221569061279e-01
3.402147293090820312e-01,6.269295215606689453e-01
5.392557382583618164e-01,8.049770593643188477e-01
-4.471048712730407715e-03,1.648277491331100464e-01
7.929542064666748047e-01,7.060841321945190430e-01
6.252534985542297363e-01,5.864869952201843262e-01
6.625828742980957031e-01,-5.313706398010253906e-01
2.798821032047271729e-01,5.484054088592529297e-01
6.687806248664855957e-01,6.682540178298950195e-01
7.388340234756469727e-01,6.286525130271911621e-01
2.302212566137313843e-01,5.082103013992309570e-01
5.670077204704284668e-01,-5.166551470756530762e-01
-2.596855163574218750e-01,-5.716415122151374817e-02
2.514024078845977783e-01,5.623818635940551758e-01
-2.668308317661285400e-01,-4.830718040466308594e-01
6.357974410057067871e-01,6.179285049438476562e-01
1.391071081161499023e-01,-6.494364142417907715e-01
8.640386909246444702e-02,1.896719485521316528e-01
6.189995408058166504e-01,6.811897158622741699e-01
-2.652467489242553711e-01,-3.432546183466911316e-02
4.429400265216827393e-01,5.731698870658874512e-01
4.328877329826354980e-01,-5.752964615821838379e-01
6.511205434799194336e-01,6.643768548965454102e-01
3.679125607013702393e-01,5.848789811134338379e-01
-3.203953206539154053e-01,-4.490952789783477783e-01
4.805986583232879639e-01,2.947532944381237030e-02
6.603072285652160645e-01,-5.202567577362060547e-01
1.254367642104625702e-02,2.254872918128967285e-01
6.256248950958251953e-01,-4.489158093929290771e-01
7.689003944396972656e-01,4.462765753269195557e-01
3.066951632499694824e-01,5.728890895843505859e-01
4.329338669776916504e-01,7.370424270629882812e-01
4.980543553829193115e-01,7.274968028068542480e-01
6.867536306381225586e-01,4.792858660221099854e-01
6.480410099029541016e-01,5.950497388839721680e-01
4.385849535465240479e-01,6.844816207885742188e-01
5.578851699829101562e-01,-2.645134329795837402e-01
4.625934362411499023e-01,7.944163866341114044e-03
7.010384798049926758e-01,3.617835044860839844e-01
3.822703957557678223e-01,-6.652202606201171875e-01
1.695971041917800903e-01,-8.172965049743652344e-01
6.256903409957885742e-01,-4.346674680709838867e-01
3.191621303558349609e-01,6.026912331581115723e-01
7.057191729545593262e-01,6.619623303413391113e-01
2.001387327909469604e-01,-5.973572134971618652e-01
2.725643217563629150e-01,5.883560180664062500e-01
4.740453362464904785e-01,2.337812073528766632e-02
8.922422677278518677e-02,3.190819406881928444e-03
7.065614461898803711e-01,6.486687064170837402e-01
4.759657680988311768e-01,6.028473973274230957e-01
4.392802417278289795e-01,5.852700471878051758e-01
5.967021584510803223e-01,-4.817577898502349854e-01
5.251370072364807129e-01,8.269355297088623047e-01
6.950207054615020752e-02,2.667390406131744385e-01
-4.699298739433288574e-01,-4.199836254119873047e-01
5.604921579360961914e-01,2.623092532157897949e-01
5.010289549827575684e-01,5.137895345687866211e-01
3.788998425006866455e-01,6.508455276489257812e-01
4.702935218811035156e-01,6.747262477874755859e-01
6.929290890693664551e-01,6.740975975990295410e-01
4.473924636840820312e-01,7.072865962982177734e-01
5.137450695037841797e-01,6.964708566665649414e-01
1.616336852312088013e-01,4.274412989616394043e-02
8.075925707817077637e-01,5.070632100105285645e-01
1.986605674028396606e-01,5.018165707588195801e-02
-2.253090292215347290e-01,-1.756457611918449402e-02
3.910450339317321777e-01,6.832337379455566406e-01
7.261034250259399414e-01,5.930791497230529785e-01
7.126127481460571289e-01,6.484277844429016113e-01
2.441347949206829071e-02,2.374306768178939819e-01
1.207942068576812744e-01,1.889330446720123291e-01
4.463502466678619385e-01,6.601444631814956665e-02
4.897437691688537598e-01,8.732800483703613281e-01
5.035096406936645508e-01,-5.950288176536560059e-01
4.573555886745452881e-01,6.990550756454467773e-01
5.601298213005065918e-01,2.054111808538436890e-01
-8.520602434873580933e-02,-4.861145839095115662e-02
-7.017164677381515503e-02,1.353812962770462036e-01
8.226410746574401855e-01,6.994500160217285156e-01
5.226292610168457031e-01,8.313134908676147461e-01
5.160567164421081543e-01,7.868243455886840820e-01
3.650031387805938721e-01,-6.010082364082336426e-01
7.025713920593261719e-01,6.407951712608337402e-01
2.791713178157806396e-01,5.847085714340209961e-01
6.885125041007995605e-01,6.900346875190734863e-01
-1.917353868484497070e-01,-4.080272316932678223e-01
7.002092599868774414e-01,6.083225607872009277e-01
5.823902413249015808e-02,1.774600148200988770e-02
3.573035821318626404e-02,1.207163371145725250e-02
2.761178016662597656e-01,6.059448122978210449e-01
3.256241679191589355e-01,5.878031253814697266e-01
8.730726689100265503e-02,2.270500808954238892e-01
5.922295451164245605e-01,2.477995902299880981e-01
6.747835874557495117e-01,6.945139765739440918e-01
-4.876170679926872253e-02,1.191042140126228333e-01
-3.214617818593978882e-02,2.138186991214752197e-01
2.296377867460250854e-01,4.580678045749664307e-01
-5.760485529899597168e-01,6.872676610946655273e-01
5.488756895065307617e-01,8.750122189521789551e-01
-2.711057960987091064e-01,-2.714540623128414154e-02
2.648044228553771973e-01,5.056884288787841797e-01
-4.175303876399993896e-02,-8.172805607318878174e-02
4.816996157169342041e-01,9.119481779634952545e-03
2.247202247381210327e-01,5.322125554084777832e-01
4.986516535282135010e-01,6.605420708656311035e-01
4.833793640136718750e-01,2.708294428884983063e-03
-4.082832336425781250e-01,-4.650549292564392090e-01
5.068969726562500000e-01,6.928738951683044434e-01
3.430641591548919678e-01,6.489528417587280273e-01
2.811922729015350342e-01,5.221604704856872559e-01
8.156717419624328613e-01,7.223497629165649414e-01
4.615553617477416992e-01,3.478093147277832031e-01
5.645911097526550293e-01,1.966080963611602783e-01
7.672402262687683105e-01,5.884720683097839355e-01
5.526544451713562012e-01,7.119309306144714355e-01
2.745478153228759766e-01,5.390665531158447266e-01
7.905057072639465332e-01,4.121265709400177002e-01
6.456148028373718262e-01,2.585137188434600830e-01
3.660175204277038574e-01,-5.109047293663024902e-01
6.857461929321289062e-01,4.260954558849334717e-01
4.307393431663513184e-01,8.690428733825683594e-02
5.823256373405456543e-01,5.461979508399963379e-01
5.076398849487304688e-01,-3.856915235519409180e-01
6.663269400596618652e-01,4.875361025333404541e-01
-6.216364726424217224e-02,1.403284221887588501e-01
7.238729000091552734e-01,5.463978052139282227e-01
4.739585220813751221e-01,2.740601263940334320e-02
7.950577139854431152e-01,5.027319192886352539e-01
3.423808217048645020e-01,6.019426584243774414e-01
2.370598912239074707e-01,4.974330067634582520e-01
6.505288481712341309e-01,-5.124536156654357910e-01
-3.057251572608947754e-01,-9.303644299507141113e-03
7.015866041183471680e-01,5.852681398391723633e-01
5.887550711631774902e-01,1.787067353725433350e-01
8.022789955139160156e-01,4.161121845245361328e-01
7.478778362274169922e-01,4.187089204788208008e-01
2.637157142162322998e-01,6.087146401405334473e-01
5.830191373825073242e-01,1.888979077339172363e-01
3.109890818595886230e-01,6.247075200080871582e-01
6.155492067337036133e-01,4.132186770439147949e-01
2.998077869415283203e-01,6.334888339042663574e-01
4.480874240398406982e-01,7.517276406288146973e-01
4.461841285228729248e-01,7.452944517135620117e-01
4.803782999515533447e-01,6.339707374572753906e-01
7.213751673698425293e-01,6.212624311447143555e-01
7.260636687278747559e-01,5.893423557281494141e-01
4.713548719882965088e-01,7.159626483917236328e-01
5.870630741119384766e-01,2.073246687650680542e-01
6.819658279418945312e-01,5.381458401679992676e-01
2.926853597164154053e-01,5.860027670860290527e-01
6.943508237600326538e-02,2.101690471172332764e-01
4.590764343738555908e-01,6.841927766799926758e-01
5.442242622375488281e-01,5.897086262702941895e-01
5.194195508956909180e-01,8.669134378433227539e-01
1.108767613768577576e-01,5.414170771837234497e-02
4.936209619045257568e-01,6.534863114356994629e-01
4.794122874736785889e-01,-1.450165058486163616e-03
2.021203562617301941e-02,2.108384519815444946e-01
-2.357906252145767212e-01,-3.949790075421333313e-02
2.405841201543807983e-01,5.520139932632446289e-01
7.960191965103149414e-01,7.130485773086547852e-01
3.306046128273010254e-01,6.431954503059387207e-01
3.004321157932281494e-01,6.339020133018493652e-01
7.420855164527893066e-01,6.087272167205810547e-01
2.999005019664764404e-01,6.376194953918457031e-01
6.833665966987609863e-01,6.622603535652160645e-01
5.083637833595275879e-01,2.964805662631988525e-01
6.374607682228088379e-01,4.080996215343475342e-01
6.290743947029113770e-01,5.976196527481079102e-01
2.942670583724975586e-01,5.989111065864562988e-01
4.660806655883789062e-01,5.132578611373901367e-01
6.520902514457702637e-01,6.017281413078308105e-01
4.515502154827117920e-01,-6.719890516251325607e-03
1.159004867076873779e-01,6.782889831811189651e-03
8.423513919115066528e-02,5.931471940129995346e-03
6.355609297752380371e-01,3.799468874931335449e-01
4.664998650550842285e-01,6.879386901855468750e-01
7.415223717689514160e-01,6.959502100944519043e-01
4.345703423023223877e-01,7.006065249443054199e-01
6.383844614028930664e-01,6.524663567543029785e-01
4.770066142082214355e-01,6.984723806381225586e-01
7.871974706649780273e-01,5.164985656738281250e-01
6.527408361434936523e-01,4.692805409431457520e-01
-1.933649331331253052e-01,1.602469235658645630e-01
7.091736793518066406e-01,5.355991125106811523e-01
5.284944176673889160e-01,8.164990544319152832e-01
7.718054652214050293e-01,6.773141622543334961e-01
4.863626360893249512e-01,7.982773184776306152e-01
2.988766431808471680e-01,4.992880821228027344e-01
5.077140927314758301e-01,3.789518177509307861e-01
3.332835435867309570e-01,6.493083238601684570e-01
3.245981931686401367e-01,4.738649725914001465e-01
-6.291545927524566650e-02,1.913151592016220093e-01
4.468958079814910889e-02,1.620612591505050659e-01
7.038936018943786621e-01,6.786218881607055664e-01
2.649488151073455811e-01,5.828468203544616699e-01
7.472494244575500488e-01,4.088088870048522949e-01
6.819407939910888672e-01,6.361591815948486328e-01
-1.269616484642028809e-01,-3.747187256813049316e-01
-2.153698205947875977e-01,-7.560807466506958008e-02
1.064308062195777893e-01,2.222942262887954712e-01
6.632637381553649902e-01,6.063852906227111816e-01
-2.357349544763565063e-01,-8.485609889030456543e-01
7.141022682189941406e-01,3.538116812705993652e-01
7.912670969963073730e-01,6.937369704246520996e-01
4.269481077790260315e-02,2.204028367996215820e-01
6.211659908294677734e-01,2.194569706916809082e-01
2.587822973728179932e-01,5.127632617950439453e-01
6.745551228523254395e-01,5.729345083236694336e-01
1.417069584131240845e-01,2.278843820095062256e-01
3.111506104469299316e-01,5.888646841049194336e-01
7.096728682518005371e-01,4.619239568710327148e-01
4.795349836349487305e-01,5.232698842883110046e-02
-1.917747315019369125e-03,1.613370180130004883e-01
1.164641529321670532e-01,3.048576228320598602e-02
-1.795742660760879517e-02,1.523533165454864502e-01
5.924665927886962891e-02,2.222016155719757080e-01
-2.428012192249298096e-01,-8.766151964664459229e-02
6.495966911315917969e-01,5.739584565162658691e-01
-1.289899051189422607e-01,1.289303004741668701e-01
7.925958037376403809e-01,4.989483952522277832e-01
-3.135813772678375244e-01,-4.533777832984924316e-01
4.571003615856170654e-01,7.258186936378479004e-01
1.097383722662925720e-01,7.123066578060388565e-03
6.996232867240905762e-01,3.565098345279693604e-01
4.548606276512145996e-01,7.376236319541931152e-01
4.961164891719818115e-01,8.369919061660766602e-01
2.299007922410964966e-01,5.929003357887268066e-01
5.981010794639587402e-01,5.332316160202026367e-01
2.130699753761291504e-01,4.345636442303657532e-02
4.534253776073455811e-01,6.651687622070312500e-02
7.735683917999267578e-01,5.243015289306640625e-01
5.753704309463500977e-01,2.135645747184753418e-01
6.017726063728332520e-01,-4.995479583740234375e-01
1.569641381502151489e-02,-3.007149556651711464e-03
-2.809502780437469482e-01,-4.400195088237524033e-03
-2.347386628389358521e-02,2.104936689138412476e-01
6.548676490783691406e-01,5.598528385162353516e-01
6.651991605758666992e-01,-4.940461814403533936e-01
3.402510583400726318e-01,6.294839978218078613e-01
6.160680055618286133e-01,1.253318488597869873e-01
7.274737358093261719e-01,5.974466800689697266e-01
3.025321960449218750e-01,5.682370066642761230e-01
4.522933363914489746e-01,6.998798847198486328e-01
-3.005715012550354004e-01,-7.367018610239028931e-02
7.027789950370788574e-01,6.340010762214660645e-01
5.121424794197082520e-03,1.730900108814239502e-01
-3.250510096549987793e-01,-1.871087215840816498e-02
6.001974344253540039e-01,2.308657318353652954e-01
6.730527281761169434e-01,4.669192731380462646e-01
5.545052289962768555e-01,2.456108331680297852e-01
1.088376194238662720e-01,-8.054484613239765167e-03
6.103490591049194336e-01,2.370834499597549438e-01
1.464580297470092773e-01,1.863996535539627075e-01
1.154629290103912354e-01,3.938295319676399231e-02
5.659326314926147461e-01,1.552740335464477539e-01
7.056019902229309082e-01,3.360538780689239502e-01
4.378982782363891602e-01,7.322967648506164551e-01
3.579540848731994629e-01,6.460234522819519043e-01
-3.921521604061126709e-01,-4.434658885002136230e-01
-1.988207250833511353e-01,-9.748792648315429688e-02
7.075098752975463867e-01,6.893436312675476074e-01
4.675710797309875488e-01,6.632717847824096680e-01
-3.328040540218353271e-01,-7.849472761154174805e-02
-1.345538794994354248e-01,1.487507671117782593e-01
6.474492549896240234e-01,5.423213839530944824e-01
6.202934384346008301e-01,5.558606386184692383e-01
3.162396252155303955e-01,6.339159011840820312e-01
6.557909846305847168e-01,5.577930212020874023e-01
2.173903584480285645e-01,7.689135521650314331e-02
-7.651358377188444138e-03,1.767408400774002075e-01
4.732301533222198486e-01,8.571817874908447266e-01
4.721787869930267334e-01,5.399880409240722656e-01
4.751685857772827148e-01,7.083142995834350586e-01
6.889646053314208984e-01,6.175684928894042969e-01
1.503532975912094116e-01,1.050160918384790421e-02
3.447674959897994995e-02,4.679679125547409058e-02
5.756033062934875488e-01,2.224108278751373291e-01
4.976732730865478516e-01,-5.550334453582763672e-01
7.205699086189270020e-01,5.832112431526184082e-01
7.363277077674865723e-01,6.490349173545837402e-01
5.051586031913757324e-01,6.937680840492248535e-01
-2.505240738391876221e-01,-9.051254950463771820e-03
5.262165069580078125e-01,5.847110748291015625e-01
2.841600477695465088e-01,5.793452262878417969e-01
4.051767289638519287e-01,4.830206185579299927e-02
4.742893576622009277e-01,6.765856146812438965e-01
7.042691707611083984e-01,7.338179945945739746e-01
5.795887708663940430e-01,2.409645617008209229e-01
5.088101625442504883e-01,6.941714286804199219e-01
4.848461747169494629e-01,-4.986957609653472900e-01
-6.455630809068679810e-02,1.792747080326080322e-01
7.608397006988525391e-01,4.483955800533294678e-01
2.103336900472640991e-01,5.411278605461120605e-01
4.713971614837646484e-01,7.029788494110107422e-01
5.609842538833618164e-01,-4.313315749168395996e-01
4.526312649250030518e-01,6.127748265862464905e-02
-2.180762737989425659e-01,1.693427562713623047e-01
4.128464162349700928e-01,-5.519969463348388672e-01
5.371786355972290039e-01,2.081172168254852295e-01
3.969025909900665283e-01,-4.048174023628234863e-01
6.493524909019470215e-01,5.925218462944030762e-01
7.494658827781677246e-01,7.218720912933349609e-01
5.208814740180969238e-01,8.171865940093994141e-01
6.601802259683609009e-02,2.260565161705017090e-01
4.804297983646392822e-01,8.217756748199462891e-01
8.100687265396118164e-01,7.286136746406555176e-01
5.171876549720764160e-01,8.331426978111267090e-01
7.750829458236694336e-01,3.565408587455749512e-01
7.073591947555541992e-01,4.405699670314788818e-01
3.734298348426818848e-01,6.674413084983825684e-01
3.326262533664703369e-01,6.213767528533935547e-01
4.623988270759582520e-01,-4.247901588678359985e-02
4.550118744373321533e-01,7.046270966529846191e-01
4.912069439888000488e-01,7.215273380279541016e-01
4.248332977294921875e-02,-1.369778066873550415e-01
4.980126321315765381e-01,8.255603313446044922e-01
7.718284726142883301e-01,7.525331974029541016e-01
7.550612688064575195e-01,6.921372413635253906e-01
5.340768694877624512e-01,8.064557313919067383e-01
5.108502507209777832e-02,2.489608675241470337e-01
4.824320673942565918e-01,4.760168492794036865e-01
7.461293935775756836e-01,5.776882767677307129e-01
7.314703464508056641e-01,6.874772310256958008e-01
6.434314846992492676e-01,5.889657139778137207e-01
5.942151546478271484e-01,2.295793592929840088e-01
5.653261542320251465e-01,2.739339172840118408e-01
-2.880089543759822845e-02,2.529423534870147705e-01
6.286842823028564453e-01,-3.960145115852355957e-01
2.695240974426269531e-01,4.555572867393493652e-01
4.913093745708465576e-01,8.009449243545532227e-01
6.182117462158203125e-01,1.709636598825454712e-01
6.552784442901611328e-01,4.708199203014373779e-01
5.668482184410095215e-01,1.912423521280288696e-01
7.481791377067565918e-01,7.018823027610778809e-01
5.108394026756286621e-01,-5.232045650482177734e-01
5.903304815292358398e-01,2.255758941173553467e-01
2.596253752708435059e-01,5.533238649368286133e-01
5.333275720477104187e-02,1.374293416738510132e-01
6.544944643974304199e-01,5.498082041740417480e-01
-1.904866546392440796e-01,-1.651160791516304016e-02
2.711002826690673828e-01,5.404040217399597168e-01
7.611807584762573242e-01,4.982782602310180664e-01
2.159684337675571442e-02,-7.521304488182067871e-01
6.895253658294677734e-01,5.793387293815612793e-01
-2.981160283088684082e-01,-8.307999372482299805e-02
3.094155490398406982e-01,5.125786662101745605e-01
4.839904606342315674e-01,6.793944239616394043e-01
-6.298261880874633789e-01,-5.730530619621276855e-01
4.645420610904693604e-01,4.137963801622390747e-02
7.501429319381713867e-01,4.525298774242401123e-01
1.239642873406410217e-01,4.011922515928745270e-03
1.170771010220050812e-02,1.900178939104080200e-01
6.683031916618347168e-01,6.611945033073425293e-01
4.018886685371398926e-01,3.393042832612991333e-02
1.093636825680732727e-01,2.020449787378311157e-01
3.193838298320770264e-01,6.609522104263305664e-01
-3.090040683746337891e-01,-5.184803605079650879e-01
5.919262766838073730e-01,1.978590041399002075e-01
5.962723493576049805e-01,1.536526083946228027e-01
2.027781605720520020e-01,9.187722578644752502e-03
6.324000954627990723e-01,2.090481370687484741e-01
2.207799702882766724e-01,4.678757190704345703e-01
-7.524676155298948288e-03,1.844473183155059814e-01
6.052740216255187988e-01,2.036441862583160400e-01
2.918410599231719971e-01,6.164939403533935547e-01
6.416288018226623535e-01,-4.320785701274871826e-01
7.582505941390991211e-01,3.236553072929382324e-01
1.097332593053579330e-02,5.340528115630149841e-02
6.721881628036499023e-01,6.172515749931335449e-01
5.303921103477478027e-01,8.191909193992614746e-01
2.524417638778686523e-01,5.556758642196655273e-01
6.492905020713806152e-01,3.193702995777130127e-01
3.191380500793457031e-01,5.990405678749084473e-01
7.220717668533325195e-01,5.138091444969177246e-01
8.288083970546722412e-02,1.803632825613021851e-01
5.064333081245422363e-01,8.437102437019348145e-01
-1.124495565891265869e-01,-4.041445255279541016e-02
4.124380350112915039e-01,6.107695028185844421e-02
1.254228204488754272e-01,-2.040357887744903564e-02
6.855621337890625000e-01,6.037041544914245605e-01
8.084186911582946777e-02,1.576454341411590576e-01
6.697775125503540039e-01,-5.297814011573791504e-01
6.352841854095458984e-01,1.248318403959274292e-01
3.201918676495552063e-02,-2.451441250741481781e-02
5.262088775634765625e-01,8.138393759727478027e-01
6.097393035888671875e-01,1.963288038969039917e-01
7.101935744285583496e-01,6.310410499572753906e-01
3.157368004322052002e-01,6.157107353210449219e-01
6.285339593887329102e-01,5.704274177551269531e-01
8.080187439918518066e-01,4.818167984485626221e-01
6.725282669067382812e-01,4.261170029640197754e-01
2.462376356124877930e-01,4.945790171623229980e-01
1.368217766284942627e-01,2.715249359607696533e-02
3.248682022094726562e-01,6.080601811408996582e-01
6.319792270660400391e-01,2.266563773155212402e-01
5.670551657676696777e-01,7.769561409950256348e-01
-3.358328640460968018e-01,-2.064779400825500488e-02
-1.270330697298049927e-01,1.779262423515319824e-01
6.933007240295410156e-01,6.253916025161743164e-01
4.249963760375976562e-01,6.913926601409912109e-01
7.823933847248554230e-03,2.157891690731048584e-01
6.478655934333801270e-01,4.698233604431152344e-01
5.956851840019226074e-01,2.000384479761123657e-01
4.783169329166412354e-01,5.108178257942199707e-01
3.658852279186248779e-01,6.066451668739318848e-01
-1.007471382617950439e-01,-7.192533612251281738e-01
7.778125405311584473e-01,4.903559684753417969e-01
4.681465923786163330e-01,7.240028381347656250e-01
5.667611360549926758e-01,-2.716281116008758545e-01
-3.366339206695556641e-01,-4.812189564108848572e-02
5.060057640075683594e-01,7.535545229911804199e-01
7.053394615650177002e-02,1.774727702140808105e-01
4.706197381019592285e-01,8.122234046459197998e-02
6.548432707786560059e-01,5.762715339660644531e-01
3.034123592078685760e-02,1.810104399919509888e-01
2.527141869068145752e-01,5.774266719818115234e-01
3.586025908589363098e-02,2.242026180028915405e-01
6.081867963075637817e-02,2.249797433614730835e-01
8.164966106414794922e-01,5.392857789993286133e-01
5.464665889739990234e-01,1.968048363924026489e-01
6.828892827033996582e-01,6.370673179626464844e-01
4.573326706886291504e-01,7.113591432571411133e-01
6.842876076698303223e-01,7.063614726066589355e-01
-2.602747976779937744e-01,-6.057551503181457520e-01
3.423557057976722717e-02,2.415244877338409424e-01
7.113656401634216309e-01,6.996569633483886719e-01
6.415276527404785156e-01,4.741573035717010498e-01
3.155837953090667725e-01,5.997175574302673340e-01
1.170399188995361328e-01,1.963881701231002808e-01
6.549638509750366211e-01,3.641617596149444580e-01
1.616022437810897827e-01,4.902626946568489075e-02
7.352238297462463379e-01,4.044838845729827881e-01
3.034590482711791992e-01,5.837368369102478027e-01
4.623682200908660889e-01,7.311196923255920410e-01
-1.608834862709045410e-01,-1.369952410459518433e-02
5.368804335594177246e-01,2.181901633739471436e-01
4.782971143722534180e-01,8.603457212448120117e-01
3.863748013973236084e-01,1.256368495523929596e-02
6.963157653808593750e-01,5.054921507835388184e-01
2.901188731193542480e-01,5.098754763603210449e-01
5.923061966896057129e-01,-3.167740106582641602e-01
5.150903463363647461e-01,-3.801502287387847900e-01
5.090625286102294922e-01,6.912406682968139648e-01
-5.778154730796813965e-02,-1.889701187610626221e-02
6.325578093528747559e-01,5.720850825309753418e-01
5.588968992233276367e-01,2.514919340610504150e-01
-6.992828100919723511e-02,-4.243619367480278015e-02
-1.589411348104476929e-01,7.886356115341186523e-02
4.856876097619533539e-03,2.003535926342010498e-01
-2.885320186614990234e-01,-1.557289273478090763e-03
1.353481411933898926e-02,1.697142273187637329e-01
2.623938918113708496e-01,4.841797649860382080e-01
6.882058382034301758e-01,5.306215286254882812e-01
5.843245983123779297e-01,2.032971084117889404e-01
1.303709298372268677e-01,2.223666012287139893e-02
6.691508293151855469e-01,7.201414704322814941e-01
3.853001892566680908e-01,-5.293335318565368652e-01
-7.712941616773605347e-03,2.114089578390121460e-01
3.484427034854888916e-01,6.554242372512817383e-01
1.568779051303863525e-01,4.161246865987777710e-02
6.356863379478454590e-01,5.845360159873962402e-01
4.009745270013809204e-02,2.448687553405761719e-01
5.599940419197082520e-01,7.943214178085327148e-01
7.290750741958618164e-01,5.849294066429138184e-01
7.196501493453979492e-01,6.841865777969360352e-01
2.362478226423263550e-01,5.329678654670715332e-01
5.068921446800231934e-01,8.304492235183715820e-01
6.614015102386474609e-01,4.298422336578369141e-01
6.906297802925109863e-01,5.326010584831237793e-01
8.401727676391601562e-02,2.431382536888122559e-01
6.303650736808776855e-01,2.151897847652435303e-01
6.040161252021789551e-01,1.728174388408660889e-01
1.112581491470336914e-01,-5.282835364341735840e-01
3.352835178375244141e-01,6.140591502189636230e-01
1.084693428128957748e-02,2.036780864000320435e-01
-7.404596358537673950e-02,1.726240068674087524e-01
1.241178214550018311e-01,6.470336578786373138e-03
-3.420477211475372314e-01,7.897615432739257812e-07
7.562869191169738770e-01,7.155472636222839355e-01
6.960060000419616699e-01,4.306052029132843018e-01
1.441127955913543701e-01,2.965827472507953644e-02
-1.580731868743896484e-01,-3.927896916866302490e-02
6.681848764419555664e-01,5.759304165840148926e-01
6.256768107414245605e-01,5.374699234962463379e-01
2.261455059051513672e-01,-6.161075234413146973e-01
2.460838854312896729e-01,4.703264832496643066e-01
5.419694185256958008e-01,6.558287143707275391e-01
3.787865042686462402e-01,5.741955041885375977e-01
6.893509030342102051e-01,6.631291508674621582e-01
5.792388319969177246e-01,1.899472326040267944e-01
7.176468968391418457e-01,3.046896159648895264e-01
5.016565918922424316e-01,7.327284216880798340e-01
4.856093823909759521e-01,5.477307438850402832e-01
2.274802327156066895e-01,-7.158636450767517090e-01
8.004969358444213867e-02,2.380776107311248779e-01
-2.851580977439880371e-01,-4.380992054939270020e-02
5.740629434585571289e-01,1.928955465555191040e-01
1.464297771453857422e-01,1.735070534050464630e-02
5.230686068534851074e-01,5.320289134979248047e-01
4.868136346340179443e-01,7.207522988319396973e-01
6.892134547233581543e-01,3.420451879501342773e-01
7.323303222656250000e-01,6.262543797492980957e-01
2.407456487417221069e-01,5.588448643684387207e-01
8.232015371322631836e-02,-7.212325930595397949e-01
2.808152437210083008e-01,5.415697097778320312e-01
2.920234799385070801e-01,5.393317341804504395e-01
6.273779273033142090e-01,1.784702092409133911e-01
4.352132678031921387e-01,-5.213970541954040527e-01
4.851609170436859131e-01,3.334882557392120361e-01
7.145295739173889160e-01,4.515515267848968506e-01
6.687870621681213379e-01,6.019716858863830566e-01
5.029715895652770996e-01,8.578489422798156738e-01
2.610179781913757324e-01,-7.248726487159729004e-01
6.797753572463989258e-01,5.094845890998840332e-01
3.525705635547637939e-01,6.449833512306213379e-01
4.977197647094726562e-01,1.745995432138442993e-01
7.411446571350097656e-01,6.317545771598815918e-01
-2.988606691360473633e-01,-4.584183171391487122e-02
-4.368416070938110352e-01,-4.937508404254913330e-01
7.114554643630981445e-01,4.955783486366271973e-01
-1.174317821860313416e-01,-5.644722282886505127e-02
1.001958400011062622e-01,-5.503959655761718750e-01
5.206996202468872070e-01,7.179968953132629395e-01
6.040256470441818237e-02,2.135107368230819702e-01
3.231094479560852051e-01,6.621827483177185059e-01
5.330559611320495605e-01,7.988297939300537109e-01
2.722027599811553955e-01,5.977536439895629883e-01
5.616047978401184082e-01,1.901074051856994629e-01
5.613734722137451172e-01,5.926951169967651367e-01
6.624861955642700195e-01,5.397296547889709473e-01
6.993277072906494141e-01,5.610694289207458496e-01
5.037814974784851074e-01,8.364797234535217285e-01
6.826179623603820801e-01,6.273410916328430176e-01
1.817402392625808716e-01,4.532521218061447144e-02
1.091277152299880981e-01,4.225005395710468292e-03
6.872553825378417969e-01,4.344711899757385254e-01
4.960761964321136475e-01,8.435550332069396973e-01
4.857880175113677979e-01,3.729757666587829590e-01
-2.012535780668258667e-01,-4.330669343471527100e-02
6.806048750877380371e-01,6.329868435859680176e-01
3.763715922832489014e-01,6.192403435707092285e-01
7.150658369064331055e-01,6.997163891792297363e-01
6.891444921493530273e-01,5.033762454986572266e-01
5.845502614974975586e-01,8.022918701171875000e-01
6.826684474945068359e-01,4.621564745903015137e-01
1.254419088363647461e-01,2.240549586713314056e-02
-3.644265234470367432e-01,-8.066121488809585571e-02
-2.410939037799835205e-01,-5.169587582349777222e-02
6.839891672134399414e-01,6.234508752822875977e-01
6.782606244087219238e-01,4.107710123062133789e-01
7.471233606338500977e-01,3.809330761432647705e-01
5.472411513328552246e-01,2.201108485460281372e-01
6.718105077743530273e-01,3.772210180759429932e-01
6.570730209350585938e-01,4.734162688255310059e-01
-1.490646898746490479e-01,-4.799691215157508850e-02
5.056059360504150391e-01,8.637163639068603516e-01
8.141114562749862671e-02,2.342763543128967285e-01
7.295284271240234375e-01,5.200223922729492188e-01
6.899912357330322266e-01,6.809935569763183594e-01
5.094600319862365723e-01,8.552366495132446289e-01
4.845392107963562012e-01,5.722917914390563965e-01
8.080296516418457031e-01,6.072844862937927246e-01
4.997663497924804688e-01,8.046733736991882324e-01
5.277898311614990234e-01,8.067152500152587891e-01
4.136734604835510254e-01,7.254572212696075439e-02
7.700159549713134766e-01,6.828003525733947754e-01
2.591578364372253418e-01,5.146322250366210938e-01
3.007978200912475586e-01,6.038165092468261719e-01
6.453220844268798828e-01,6.251443028450012207e-01
6.933985352516174316e-01,5.383951663970947266e-01
4.875921308994293213e-01,-4.901602268218994141e-01
5.904175043106079102e-01,2.468256205320358276e-01
2.857751548290252686e-01,6.320640444755554199e-01
5.341506004333496094e-01,-5.390077233314514160e-01
7.201647758483886719e-01,6.465491652488708496e-01
7.715759277343750000e-01,4.640123546123504639e-01
4.883185923099517822e-01,6.097152233123779297e-01
5.714421272277832031e-01,1.965587437152862549e-01
5.080999135971069336e-01,7.938470244407653809e-01
5.285904407501220703e-01,8.170876502990722656e-01
-4.000993371009826660e-01,-4.897492378950119019e-02
3.436916470527648926e-01,5.088238120079040527e-01
6.150714755058288574e-01,2.986704111099243164e-01
2.428024709224700928e-01,6.781692057847976685e-02
-1.872163116931915283e-01,5.165933980606496334e-04
4.841427206993103027e-01,8.343356847763061523e-01
2.129473239183425903e-01,4.871700704097747803e-01
4.127071499824523926e-01,-1.217138301581144333e-02
6.207026243209838867e-01,6.191729903221130371e-01
-5.312850475311279297e-01,7.953130602836608887e-01
-3.259597420692443848e-01,-1.846915483474731445e-02
5.127839744091033936e-02,-1.380354445427656174e-02
7.382685542106628418e-01,5.960295200347900391e-01
-2.751338183879852295e-01,-3.115150891244411469e-02
4.742833971977233887e-01,7.103534936904907227e-01
7.755231857299804688e-01,7.180793881416320801e-01
-7.441060245037078857e-02,1.569696217775344849e-01
6.158397197723388672e-01,5.377005338668823242e-01
4.321664571762084961e-01,5.659763216972351074e-01
5.569958090782165527e-01,8.171759843826293945e-01
6.783958077430725098e-01,6.114937663078308105e-01
5.571283698081970215e-01,2.569758296012878418e-01
-2.158202081918716431e-01,-6.447981297969818115e-02
8.205863833427429199e-01,7.615491151809692383e-01
3.190394341945648193e-01,5.632652640342712402e-01
5.294016003608703613e-01,7.948719263076782227e-01
4.889204800128936768e-01,8.533509969711303711e-01
-2.289361655712127686e-01,-4.883267357945442200e-02
4.659417867660522461e-01,6.943508386611938477e-01
4.416606426239013672e-01,7.579664587974548340e-01
7.224594950675964355e-01,6.311773061752319336e-01
-3.297243118286132812e-01,-4.107328355312347412e-01
-2.299562841653823853e-01,-1.305674295872449875e-02
5.141744613647460938e-01,8.801882266998291016e-01
2.829892560839653015e-02,1.750749200582504272e-01
4.310328066349029541e-01,6.179924011230468750e-01
7.403721213340759277e-01,7.171282768249511719e-01
-5.990216881036758423e-02,-4.838017001748085022e-02
6.531108021736145020e-01,4.957808256149291992e-01
9.591386467218399048e-02,-8.719528913497924805e-01
7.541684508323669434e-01,7.083092331886291504e-01
4.665079116821289062e-01,3.804373741149902344e-01
2.290415763854980469e-01,5.181093811988830566e-01
5.475018918514251709e-02,2.302485108375549316e-01
5.071249008178710938e-01,7.735763788223266602e-01
5.893443822860717773e-01,1.458015888929367065e-01
-9.084944427013397217e-02,-3.733957558870315552e-02
6.740924119949340820e-01,5.807517766952514648e-01
5.884751081466674805e-01,8.738665580749511719e-01
4.900230169296264648e-01,7.497124075889587402e-01
6.725972890853881836e-01,6.666572093963623047e-01
4.652208089828491211e-01,7.310266494750976562e-01
7.505013346672058105e-01,6.679742932319641113e-01
2.153504043817520142e-01,5.883823335170745850e-02
4.702309370040893555e-01,7.016754746437072754e-01
2.776663899421691895e-01,8.635672926902770996e-02
3.098651468753814697e-01,6.405804753303527832e-01
5.544236302375793457e-01,2.552231550216674805e-01
4.836866259574890137e-01,-5.298627614974975586e-01
4.452632367610931396e-01,5.602779984474182129e-01
-7.530607283115386963e-02,-1.731447689235210419e-02
3.594655692577362061e-01,6.511476039886474609e-01
6.151768565177917480e-01,-2.651521861553192139e-01
-2.842198312282562256e-01,-1.787938363850116730e-02
5.978864431381225586e-01,1.743024885654449463e-01
1.699910759925842285e-01,5.840220674872398376e-02
4.792898893356323242e-01,6.939280629158020020e-01
5.429325699806213379e-01,-3.078284859657287598e-01
1.720257550477981567e-01,5.804044753313064575e-02
-7.655858527868986130e-03,2.353647053241729736e-01
7.040027379989624023e-01,5.356875658035278320e-01
5.039014816284179688e-01,4.912337958812713623e-01
-3.206839859485626221e-01,1.194156520068645477e-02
7.417444586753845215e-01,5.899800062179565430e-01
-4.639785885810852051e-01,-4.912078082561492920e-01
5.087331533432006836e-01,8.104387521743774414e-01
5.263938307762145996e-01,6.639189720153808594e-01
3.970881104469299316e-01,-3.214031457901000977e-04
3.045994043350219727e-01,6.449887752532958984e-01
3.129135072231292725e-01,6.230951547622680664e-01
1.357102394104003906e-01,2.155084311962127686e-01
6.105864644050598145e-01,2.334936857223510742e-01
1.131392717361450195e-01,9.931311942636966705e-03
6.777747869491577148e-01,5.706493854522705078e-01
5.267045497894287109e-01,8.061227798461914062e-01
2.411425858736038208e-01,-7.111983895301818848e-01
7.361946702003479004e-01,6.279814243316650391e-01
7.440584897994995117e-01,4.819559156894683838e-01
7.005399465560913086e-01,3.542510569095611572e-01
6.631358265876770020e-01,5.654130578041076660e-01
3.181990981101989746e-01,6.171824336051940918e-01
5.632042884826660156e-01,-3.055483400821685791e-01
5.182467103004455566e-01,7.675238251686096191e-01
5.135867595672607422e-01,7.095886468887329102e-01
5.670176148414611816e-01,8.383644819259643555e-01
-2.991564273834228516e-01,-3.777344822883605957e-01
4.302869737148284912e-01,6.563705205917358398e-01
4.736360013484954834e-01,7.136600464582443237e-02
5.742081999778747559e-01,1.975938677787780762e-01
4.540881216526031494e-01,2.468585371971130371e-01
3.058192729949951172e-01,6.039892435073852539e-01
5.171436667442321777e-01,8.605688214302062988e-01
5.300234556198120117e-01,-6.090778112411499023e-01
8.001716732978820801e-01,4.492476582527160645e-01
5.217558145523071289e-01,-5.840477943420410156e-01
4.108505547046661377e-01,6.777097582817077637e-01
6.872252821922302246e-01,6.715722084045410156e-01
2.422593683004379272e-01,5.487090349197387695e-01
5.232491493225097656e-01,8.302032947540283203e-01
4.239168167114257812e-01,5.363481044769287109e-01
6.618074178695678711e-01,4.269708096981048584e-01
4.883559942245483398e-01,7.108206748962402344e-01
3.233542442321777344e-01,6.365288496017456055e-01
7.593477964401245117e-01,4.234535396099090576e-01
1.972589343786239624e-01,4.540488123893737793e-01
4.907406568527221680e-01,7.315391302108764648e-01
5.629324913024902344e-01,2.084912061691284180e-01
6.394653916358947754e-01,6.290388107299804688e-01
6.967228055000305176e-01,4.680934250354766846e-01
-3.296982049942016602e-01,-5.475132167339324951e-02
1.937294006347656250e-01,-6.671106815338134766e-01
6.567710041999816895e-01,-5.212410688400268555e-01
1.283612251281738281e-01,5.172809585928916931e-02
5.352900028228759766e-01,8.248434066772460938e-01
6.776643395423889160e-01,3.593200743198394775e-01
5.513083338737487793e-01,1.995804458856582642e-01
1.403509676456451416e-01,2.173907607793807983e-01
-3.041431307792663574e-01,8.313896134495735168e-03
1.247447654604911804e-01,2.073003947734832764e-01
2.599539458751678467e-01,5.482631325721740723e-01
3.688553869724273682e-01,6.166148185729980469e-01
-2.179811000823974609e-01,-8.308202028274536133e-02
4.517215490341186523e-01,5.737596005201339722e-02
3.645256906747817993e-02,1.557093262672424316e-01
7.617293000221252441e-01,3.740189969539642334e-01
-6.433861702680587769e-02,2.058334648609161377e-01
1.348582208156585693e-01,3.365391120314598083e-02
1.948227882385253906e-01,5.171941593289375305e-02
6.376298666000366211e-01,1.868778020143508911e-01
5.415287613868713379e-01,5.037909746170043945e-01
5.359884500503540039e-01,6.554056406021118164e-01
2.084315568208694458e-01,5.004416108131408691e-01
6.139402389526367188e-01,-4.324652850627899170e-01
7.070690989494323730e-01,5.652195215225219727e-01
5.036826133728027344e-01,6.296749711036682129e-01
4.737220406532287598e-01,-6.213414072990417480e-01
4.479133188724517822e-01,7.386063337326049805e-01
3.034540414810180664e-01,5.873182415962219238e-01
5.560009479522705078e-01,2.091328650712966919e-01
6.812926530838012695e-01,6.865740418434143066e-01
6.720463037490844727e-01,6.199946999549865723e-01
7.052009701728820801e-01,4.784393906593322754e-01
1.184454858303070068e-01,6.270401179790496826e-03
2.771849036216735840e-01,5.635561943054199219e-01
5.276800394058227539e-01,1.754300445318222046e-01
6.710683703422546387e-01,4.454081058502197266e-01
5.019859075546264648e-01,-6.415406465530395508e-01
1.007093042135238647e-01,8.333621663041412830e-04
5.340154767036437988e-01,6.694235205650329590e-01
2.530379295349121094e-01,5.524783730506896973e-01
5.754380226135253906e-01,1.899302452802658081e-01
4.425340890884399414e-01,7.128639221191406250e-01
3.101096153259277344e-01,6.188212633132934570e-01
4.366398155689239502e-01,-5.029093623161315918e-01
2.638663053512573242e-01,5.054005384445190430e-01
5.004212856292724609e-01,7.455996870994567871e-01
5.093353390693664551e-01,6.635105013847351074e-01
6.247821450233459473e-01,5.998141169548034668e-01
7.090480923652648926e-01,6.676900982856750488e-01
-5.498191118240356445e-01,6.477558612823486328e-01
4.391981959342956543e-01,7.494452595710754395e-01
6.491909027099609375e-01,3.812689185142517090e-01
1.846124082803726196e-01,7.926956564188003540e-02
3.707271814346313477e-01,9.756928682327270508e-02
5.195865035057067871e-01,8.020509481430053711e-01
1.541340649127960205e-01,4.608274996280670166e-02
2.714922726154327393e-01,5.234396457672119141e-01
4.880959689617156982e-01,8.621631264686584473e-01
6.156294941902160645e-01,1.844868063926696777e-01
7.032393217086791992e-01,6.726895570755004883e-01
5.276746153831481934e-01,1.782478243112564087e-01
4.840005636215209961e-01,3.745707273483276367e-01
6.989307999610900879e-01,5.273923873901367188e-01
3.015938103199005127e-01,6.094548106193542480e-01
7.160535454750061035e-01,3.363274037837982178e-01
3.749562799930572510e-01,6.137383580207824707e-01
2.536098659038543701e-02,1.524130403995513916e-01
-1.661767363548278809e-01,-9.527539461851119995e-02
7.092014551162719727e-01,6.582900881767272949e-01
6.762260198593139648e-01,5.846301913261413574e-01
8.065384030342102051e-01,5.515262484550476074e-01
3.429092466831207275e-01,5.532903671264648438e-01
-1.646125689148902893e-02,1.653622388839721680e-01
4.975805282592773438e-01,8.246225714683532715e-01
6.986805796623229980e-01,5.362165570259094238e-01
2.807780802249908447e-01,6.359445452690124512e-01
4.925600886344909668e-01,7.083316445350646973e-01
5.816160440444946289e-01,8.674584627151489258e-01
2.277446091175079346e-01,4.790448844432830811e-01
4.868998229503631592e-01,7.465909123420715332e-01
2.902332544326782227e-01,5.294858217239379883e-01
6.378141045570373535e-01,1.319420337677001953e-01
-2.474517524242401123e-01,-7.584919333457946777e-01
5.245032310485839844e-01,6.862442493438720703e-01
-2.048719376325607300e-01,-7.669281214475631714e-02
5.013071298599243164e-01,6.816861033439636230e-01
7.526049017906188965e-01,6.116914153099060059e-01
3.642795681953430176e-01,5.939223170280456543e-01
4.358581006526947021e-01,5.157077908515930176e-01
3.649159371852874756e-01,6.263071894645690918e-01
4.981342852115631104e-01,6.846922039985656738e-01
-3.920859396457672119e-01,-3.695546090602874756e-02
-4.372391104698181152e-01,-4.346309900283813477e-01
5.713241696357727051e-01,2.067537605762481689e-01
4.548912346363067627e-01,7.032102942466735840e-01
-1.667464524507522583e-01,-2.038708887994289398e-02
6.718472242355346680e-01,4.826360642910003662e-01
3.965015709400177002e-01,5.404456853866577148e-01
-8.496461063623428345e-02,-2.564760297536849976e-02
-3.488378226757049561e-01,-3.756039440631866455e-01
6.413137912750244141e-01,5.969511866569519043e-01
2.276325821876525879e-01,4.978986978530883789e-01
4.862655699253082275e-01,5.142942070960998535e-01
8.089677691459655762e-01,4.489196240901947021e-01
-4.821242392063140869e-01,-5.599381327629089355e-01
-1.472575068473815918e-01,-5.659907474182546139e-04
2.261950075626373291e-01,5.504012107849121094e-01
-3.260800540447235107e-01,-4.631693363189697266e-01
6.619195342063903809e-01,-4.115482866764068604e-01
8.083390593528747559e-01,4.580636322498321533e-01
5.189309716224670410e-01,8.190037012100219727e-01
2.397272735834121704e-01,4.539217948913574219e-01
4.935143887996673584e-01,4.460884630680084229e-01
6.467846035957336426e-01,1.350266933441162109e-01
-2.984771132469177246e-01,-4.159299135208129883e-01
6.247287988662719727e-01,-3.369206488132476807e-01
7.026248574256896973e-01,6.970016956329345703e-01
3.309339880943298340e-01,5.218780040740966797e-01
6.421542167663574219e-01,5.700494050979614258e-01
-5.392368510365486145e-02,1.609829217195510864e-01
-4.768339991569519043e-01,-5.022813081741333008e-01
4.896565079689025879e-01,7.067070603370666504e-01
3.488746285438537598e-01,6.348439455032348633e-01
5.182238221168518066e-01,4.901600480079650879e-01
4.112014472484588623e-01,5.821565538644790649e-02
-2.880429029464721680e-01,-6.469337968155741692e-04
4.496432244777679443e-01,4.949025809764862061e-01
-1.125034764409065247e-01,1.816282272338867188e-01
-1.325745135545730591e-01,-6.089549139142036438e-02
6.184831261634826660e-01,2.158426940441131592e-01
7.177317142486572266e-01,6.188992261886596680e-01
2.067624032497406006e-01,4.739714860916137695e-01
3.687238097190856934e-01,6.170704960823059082e-01
1.786287873983383179e-01,4.685587808489799500e-02
4.785163998603820801e-01,-4.156022518873214722e-02
2.186889797449111938e-01,5.202865600585937500e-01
5.126945376396179199e-01,5.971429347991943359e-01
-8.672571182250976562e-02,1.774301379919052124e-01
4.468466639518737793e-01,5.818539857864379883e-01
2.801614701747894287e-01,5.283780694007873535e-01
4.947379827499389648e-01,5.373187661170959473e-01
-1.143874078989028931e-01,-1.375752314925193787e-02
-1.467381715774536133e-01,-3.285917267203330994e-02
2.564707696437835693e-01,4.882865548133850098e-01
4.539023637771606445e-01,-7.364543676376342773e-01
7.347669601440429688e-01,7.514077425003051758e-01
6.212227344512939453e-01,2.006216496229171753e-01
1.931438297033309937e-01,4.974174126982688904e-02
7.385711073875427246e-01,6.624309420585632324e-01
5.327441692352294922e-01,8.741403222084045410e-01
-2.728526592254638672e-01,-3.094852715730667114e-02
4.892807602882385254e-01,5.787001550197601318e-02
5.967860221862792969e-01,2.913564145565032959e-01
6.531694531440734863e-01,6.268894076347351074e-01
7.308937907218933105e-01,6.868993639945983887e-01
2.606430351734161377e-01,5.460694432258605957e-01
8.201540112495422363e-01,4.408260583877563477e-01
6.275382637977600098e-01,3.914856612682342529e-01
4.538035094738006592e-01,-7.812668569386005402e-03
-5.084640383720397949e-01,-4.134310185909271240e-01
7.279595732688903809e-01,2.083882987499237061e-01
7.660093903541564941e-01,5.320128798484802246e-01
6.835850477218627930e-01,5.933141708374023438e-01
5.310060381889343262e-01,1.724620163440704346e-01
5.062663555145263672e-01,8.650557398796081543e-01
7.298045158386230469e-01,5.664659738540649414e-01
5.006547570228576660e-01,5.186167359352111816e-01
7.395241856575012207e-01,5.385475158691406250e-01
4.556838572025299072e-01,6.550567150115966797e-01
1.120330616831779480e-01,-8.854921460151672363e-01
4.857731163501739502e-01,8.002973198890686035e-01
6.158861517906188965e-01,2.173664569854736328e-01
7.398170232772827148e-01,4.886846542358398438e-01
4.552541375160217285e-01,6.298298388719558716e-02
6.509742140769958496e-01,5.566076040267944336e-01
6.073969602584838867e-01,-3.206963241100311279e-01
8.299864530563354492e-01,7.410011291503906250e-01
7.248219847679138184e-01,5.719738006591796875e-01
-8.980355411767959595e-02,1.820174306631088257e-01
4.844025969505310059e-01,6.425707340240478516e-01
-4.943510591983795166e-01,-5.182816386222839355e-01
4.857965931296348572e-02,1.783572137355804443e-01
4.567211568355560303e-01,7.585774064064025879e-01
4.435454010963439941e-01,5.844381824135780334e-02
2.254474312067031860e-01,-7.291371822357177734e-01
7.542132139205932617e-01,6.961655020713806152e-01
4.210717082023620605e-01,4.834072589874267578e-01
2.691985368728637695e-01,4.948446452617645264e-01
4.623492658138275146e-01,7.388311028480529785e-01
7.302237153053283691e-01,7.334554195404052734e-01
-2.052898705005645752e-01,-4.459746927022933960e-02
5.250166058540344238e-01,6.517512798309326172e-01
4.659034907817840576e-01,7.223822474479675293e-01
1.085312217473983765e-01,-6.700052022933959961e-01
1.924234479665756226e-01,-7.249002456665039062e-01
6.725494861602783203e-01,3.475835323333740234e-01
8.184406757354736328e-01,4.486268460750579834e-01
4.680561423301696777e-01,-4.889349043369293213e-01
6.733293533325195312e-01,4.392147064208984375e-01
7.325227260589599609e-01,6.857823133468627930e-01
4.168282151222229004e-01,2.955970466136932373e-01
5.211708545684814453e-01,8.309736847877502441e-01
5.740520358085632324e-01,2.005059123039245605e-01
6.788462400436401367e-01,5.912753343582153320e-01
2.324256896972656250e-01,5.163205862045288086e-01
4.684336483478546143e-01,8.200652599334716797e-01
5.732208490371704102e-01,8.338757753372192383e-01
-1.201289221644401550e-01,-1.519633084535598755e-02
5.792613625526428223e-01,6.183701753616333008e-01
-2.919523119926452637e-01,-3.532741963863372803e-02
6.654778122901916504e-01,5.603007078170776367e-01
5.443027019500732422e-01,2.233865261077880859e-01
3.419093787670135498e-01,6.164574027061462402e-01
5.427199006080627441e-01,8.137152194976806641e-01
2.565817534923553467e-01,6.741192340850830078e-01
7.017926573753356934e-01,6.163702011108398438e-01
7.111576795578002930e-01,6.436299085617065430e-01
4.359515011310577393e-01,5.457889288663864136e-02
1.245326250791549683e-01,1.930196434259414673e-01
5.134392380714416504e-01,4.636204838752746582e-01
7.369107604026794434e-01,6.957427263259887695e-01
6.042777299880981445e-01,-4.550823271274566650e-01
4.717976450920104980e-01,7.173474431037902832e-01
4.995850026607513428e-01,5.400303006172180176e-01
6.098905801773071289e-01,-5.151193737983703613e-01
6.682777404785156250e-01,5.005035996437072754e-01
4.654895067214965820e-01,-6.119540929794311523e-01
5.343531370162963867e-01,8.171791434288024902e-01
3.059835135936737061e-01,5.876477956771850586e-01
-3.196742534637451172e-01,-4.395956695079803467e-01
4.805300831794738770e-01,7.296443581581115723e-01
7.257884740829467773e-01,5.537167787551879883e-01
3.521400988101959229e-01,6.301673054695129395e-01
5.498475432395935059e-01,6.356710195541381836e-01
5.580211281776428223e-01,8.598129153251647949e-01
5.314329862594604492e-01,6.354871988296508789e-01
-8.764255046844482422e-02,1.746896505355834961e-01
6.827394962310791016e-01,6.419245600700378418e-01
2.343261688947677612e-01,5.827448368072509766e-01
1.670331656932830811e-01,6.436382979154586792e-02
5.469258427619934082e-01,8.478294014930725098e-01
6.938862204551696777e-01,6.914461255073547363e-01
6.085533499717712402e-01,-3.183737397193908691e-01
-3.114590048789978027e-01,-5.004467964172363281e-01
6.082722544670104980e-01,1.977819353342056274e-01
3.420072495937347412e-01,6.577302813529968262e-01
5.116546154022216797e-01,1.363988220691680908e-01
7.448039054870605469e-01,3.477536737918853760e-01
3.815584480762481689e-01,5.861443877220153809e-01
2.730008661746978760e-01,5.769149065017700195e-01
4.073360264301300049e-01,6.808965206146240234e-01
-3.815838694572448730e-02,-1.501569524407386780e-02
4.398104250431060791e-01,7.627160549163818359e-01
-1.168748736381530762e-01,1.758643984794616699e-01
7.348061203956604004e-01,7.023188471794128418e-01
6.454899907112121582e-01,5.332161188125610352e-01
4.912706017494201660e-01,4.100228846073150635e-01
-7.176406979560852051e-01,-7.428389787673950195e-01
6.227520704269409180e-01,2.071137130260467529e-01
6.515415310859680176e-01,4.640448987483978271e-01
4.991834461688995361e-01,-4.722285270690917969e-01
4.380013942718505859e-01,3.828490972518920898e-01
4.152817130088806152e-01,7.339730858802795410e-01
4.740487337112426758e-01,6.353705525398254395e-01
1.003671362996101379e-01,1.991591230034828186e-02
2.871272265911102295e-01,6.380075216293334961e-01
6.393901705741882324e-01,6.250936388969421387e-01
6.644287705421447754e-01,5.857919454574584961e-01
5.971825718879699707e-01,-4.198415279388427734e-01
5.403952002525329590e-01,-4.386634826660156250e-01
-1.028861552476882935e-01,1.929087489843368530e-01
6.233717799186706543e-01,2.578576803207397461e-01
3.533816337585449219e-01,6.780224442481994629e-01
-3.552309870719909668e-01,-7.640496362000703812e-03
6.759570240974426270e-01,5.359537601470947266e-01
5.537073612213134766e-01,8.548166751861572266e-01
8.238741755485534668e-01,7.689197659492492676e-01
3.672500550746917725e-01,-6.820977330207824707e-01
7.887896895408630371e-01,7.164586186408996582e-01
6.920533776283264160e-01,4.917555451393127441e-01
8.050332069396972656e-01,4.511719048023223877e-01
4.546045064926147461e-01,7.214365601539611816e-01
1.009584516286849976e-01,1.438580155372619629e-01
2.289479076862335205e-01,4.764146506786346436e-01
4.259649813175201416e-01,5.999978780746459961e-01
2.658573389053344727e-01,4.822286665439605713e-01
6.642729043960571289e-01,1.780973076820373535e-01
4.904173612594604492e-01,4.028307199478149414e-01
1.925131380558013916e-01,4.467400312423706055e-01
-3.566355407238006592e-01,-6.702359765768051147e-02
5.955734252929687500e-01,-4.271363317966461182e-01
7.049880623817443848e-01,6.536146402359008789e-01
-3.588894382119178772e-02,2.035766243934631348e-01
4.405093789100646973e-01,7.310177087783813477e-01
6.030620932579040527e-01,-3.184986114501953125e-01
6.848136186599731445e-01,5.704767107963562012e-01
4.811332821846008301e-01,-7.311438918113708496e-01
4.999247193336486816e-01,8.363615274429321289e-01
7.358441948890686035e-01,6.562221050262451172e-01
2.858189344406127930e-01,5.141217708587646484e-01
7.277542352676391602e-01,6.728791594505310059e-01
2.556080818176269531e-01,4.520849585533142090e-01
4.497264325618743896e-01,8.444874882698059082e-01
4.173444211483001709e-01,-5.257415771484375000e-01
5.482329726219177246e-01,8.695476651191711426e-01
7.318355888128280640e-02,1.618756446987390518e-03
5.213640928268432617e-01,8.271785378456115723e-01
5.931744575500488281e-01,-2.816608250141143799e-01
8.053826540708541870e-02,2.089160084724426270e-01
3.517026007175445557e-01,6.439194083213806152e-01
6.585761904716491699e-01,6.567493677139282227e-01
5.051004886627197266e-01,7.997459173202514648e-01
9.047619253396987915e-02,2.089975476264953613e-01
5.213730931282043457e-01,6.790256500244140625e-01
4.610927999019622803e-01,6.313402056694030762e-01
5.917928218841552734e-01,-6.658239364624023438e-01
6.276628971099853516e-01,4.691670238971710205e-01
6.339112520217895508e-01,6.155933737754821777e-01
8.063936233520507812e-01,4.518899023532867432e-01
6.330367922782897949e-01,2.422612607479095459e-01
3.305310904979705811e-01,6.292687654495239258e-01
7.566732168197631836e-01,7.019565105438232422e-01
-1.236376538872718811e-01,1.351209729909896851e-01
6.846101880073547363e-01,3.420710861682891846e-01
5.606393218040466309e-01,5.046423673629760742e-01
4.682880043983459473e-01,5.061675310134887695e-01
1.579929292201995850e-01,7.273056358098983765e-02
4.389381110668182373e-01,7.727784663438796997e-02
4.889313280582427979e-01,8.309248685836791992e-01
6.132994294166564941e-01,5.652329921722412109e-01
6.570975184440612793e-01,5.705835819244384766e-01
6.477616429328918457e-01,5.566405653953552246e-01
3.033893406391143799e-01,6.051881313323974609e-01
7.406807541847229004e-01,3.758783042430877686e-01
5.315644145011901855e-01,8.064918518066406250e-01
5.779092311859130859e-01,-1.640040725469589233e-01
-1.542604267597198486e-01,-6.625274568796157837e-02
3.505867719650268555e-01,5.908464193344116211e-01
6.693171858787536621e-01,4.596731066703796387e-01
-5.629431828856468201e-02,-1.532781776040792465e-02
7.123274207115173340e-01,6.786707043647766113e-01
7.924235463142395020e-01,3.810329735279083252e-01
6.497790813446044922e-01,6.536390781402587891e-01
8.845940977334976196e-02,-7.198951244354248047e-01
-6.360477209091186523e-02,1.270978599786758423e-01
7.430909276008605957e-01,6.763696074485778809e-01
2.583087980747222900e-01,4.981728196144104004e-01
7.881349325180053711e-01,4.497719705104827881e-01
7.957516312599182129e-01,7.449080348014831543e-01
3.379727900028228760e-01,5.366742610931396484e-01
7.147161960601806641e-01,4.463045001029968262e-01
6.675097346305847168e-01,6.127578020095825195e-01
6.242970228195190430e-01,-2.348393797874450684e-01
5.388086438179016113e-01,7.785479426383972168e-01
6.695177555084228516e-01,2.635255455970764160e-01
-1.326058208942413330e-01,-6.190964207053184509e-02
6.769627332687377930e-01,4.492039978504180908e-01
4.620321393013000488e-01,8.369214534759521484e-01
4.947027862071990967e-01,6.769474744796752930e-01
6.503917574882507324e-01,6.568520069122314453e-01
4.654844105243682861e-01,8.426533937454223633e-01
6.535818576812744141e-01,3.663087785243988037e-01
5.018512010574340820e-01,6.587995290756225586e-01
6.921027302742004395e-01,6.665380001068115234e-01
4.657719731330871582e-01,-2.132211811840534210e-02
7.393144965171813965e-01,5.525673031806945801e-01
5.556666105985641479e-02,-2.386700734496116638e-02
3.499952331185340881e-02,2.487305738031864166e-02
5.805730223655700684e-01,1.955575048923492432e-01
6.344634294509887695e-01,4.572845101356506348e-01
5.064092874526977539e-01,6.871054768562316895e-01
6.907656192779541016e-01,3.264533877372741699e-01
5.850346088409423828e-01,5.596600174903869629e-01
2.684895098209381104e-01,5.689740777015686035e-01
5.145034790039062500e-01,8.409302830696105957e-01
-1.012092754244804382e-01,1.890311837196350098e-01
4.708120822906494141e-01,7.266187071800231934e-01
4.811281561851501465e-01,8.038941770792007446e-02
-1.966271996498107910e-01,1.474909931421279907e-01
4.589631855487823486e-01,5.723360776901245117e-01
4.989900439977645874e-02,1.203405857086181641e-01
4.668857157230377197e-01,6.857396960258483887e-01
6.455752253532409668e-01,5.818838477134704590e-01
-2.224447429180145264e-01,-4.117190539836883545e-01
3.048860728740692139e-01,5.198326110839843750e-01
4.950414001941680908e-01,6.797065138816833496e-01
7.178160548210144043e-01,6.992386579513549805e-01
9.994075447320938110e-02,1.036557648330926895e-02
-1.227918192744255066e-01,-5.702239647507667542e-02
1.602467000484466553e-01,7.030896842479705811e-02
1.874846667051315308e-01,7.628787308931350708e-02
7.341655492782592773e-01,6.621099114418029785e-01
8.105673193931579590e-01,4.233579635620117188e-01
7.614611983299255371e-01,2.841827869415283203e-01
-2.336293607950210571e-01,-2.712111920118331909e-02
6.580477952957153320e-01,6.262226700782775879e-01
5.154942870140075684e-01,2.158962488174438477e-01
-3.368401229381561279e-01,-5.851927399635314941e-02
-3.874069154262542725e-01,-1.907979883253574371e-02
3.452986180782318115e-01,6.362345218658447266e-01
4.791698455810546875e-01,6.629582047462463379e-01
5.980790257453918457e-01,2.038047462701797485e-01
-9.247357398271560669e-02,4.420049488544464111e-02
4.922855794429779053e-01,3.492940962314605713e-01
7.074601054191589355e-01,5.954693555831909180e-01
7.882125377655029297e-01,4.729703366756439209e-01
4.235544502735137939e-01,3.188796713948249817e-02
4.497919380664825439e-01,7.232089042663574219e-01
1.329890340566635132e-01,3.782244771718978882e-02
7.347189784049987793e-01,7.383913993835449219e-01
-2.151070982217788696e-01,-2.769418992102146149e-02
7.175962924957275391e-01,4.947065114974975586e-01
6.744459271430969238e-01,3.952015936374664307e-01
4.620563238859176636e-02,2.843371778726577759e-02
5.096441507339477539e-01,6.729868650436401367e-01
3.288930952548980713e-01,1.019729971885681152e-01
7.224763631820678711e-01,5.461535453796386719e-01
5.548288822174072266e-01,8.165476918220520020e-01
1.588140875101089478e-01,-7.674063444137573242e-01
-1.339612901210784912e-01,-6.528101861476898193e-02
1.221465915441513062e-01,3.943874686956405640e-02
2.601320445537567139e-01,5.271087288856506348e-01
-1.453953534364700317e-01,-6.850419193506240845e-02
2.550592720508575439e-01,-7.112419605255126953e-01
4.735321998596191406e-01,7.236469984054565430e-01
4.795559346675872803e-01,5.882338434457778931e-02
1.073243282735347748e-02,-6.579596400260925293e-01
8.961395174264907837e-02,2.288448512554168701e-01
6.618639826774597168e-01,5.599275231361389160e-01
6.508757472038269043e-01,3.572178184986114502e-01
4.403789937496185303e-01,7.195702791213989258e-01
6.414961814880371094e-01,6.172349452972412109e-01
4.726130962371826172e-01,5.000415444374084473e-02
4.282135367393493652e-01,-1.182812452316284180e-02
-1.677313894033432007e-01,5.092949140816926956e-03
5.666205883026123047e-01,1.782075762748718262e-01
1.209602802991867065e-01,6.060235574841499329e-02
6.624523997306823730e-01,3.640065789222717285e-01
4.871171116828918457e-01,6.616448163986206055e-01
6.113880276679992676e-01,6.799932122230529785e-01
1.606105268001556396e-01,4.130737110972404480e-02
5.202966928482055664e-01,7.898043990135192871e-01
6.426502466201782227e-01,5.453396439552307129e-01
6.776459813117980957e-01,3.299393057823181152e-01
-1.776655018329620361e-01,-1.224216725677251816e-02
5.287283062934875488e-01,4.859036207199096680e-01
6.910778880119323730e-01,5.383225679397583008e-01
6.233095526695251465e-01,5.939278006553649902e-01
7.012005448341369629e-01,3.561042249202728271e-01
5.650438666343688965e-01,2.001922428607940674e-01
6.353207230567932129e-01,5.406368970870971680e-01
5.161417126655578613e-01,6.511059403419494629e-01
3.994168639183044434e-01,6.021707653999328613e-01
-2.535174489021301270e-01,-5.156853049993515015e-02
-3.256677985191345215e-01,-2.984851226210594177e-02
-5.548733472824096680e-01,7.334591746330261230e-01
-1.731600612401962280e-01,-1.011985260993242264e-02
4.869382977485656738e-01,7.114456892013549805e-01
3.961654603481292725e-01,6.756341457366943359e-01
1.947432607412338257e-01,-6.604224443435668945e-01
4.105095863342285156e-01,4.802343249320983887e-01
2.308162301778793335e-01,1.649422920309007168e-03
4.112840592861175537e-01,7.211282253265380859e-01
6.182139515876770020e-01,-3.723334968090057373e-01
5.790195465087890625e-01,-5.518918037414550781e-01
7.139760851860046387e-01,6.562386751174926758e-01
4.613134264945983887e-01,6.995416283607482910e-01
4.823142588138580322e-01,6.573902368545532227e-01
5.039011836051940918e-01,2.943090349435806274e-02
5.950327590107917786e-02,1.871718019247055054e-01
4.681155383586883545e-01,6.626429557800292969e-01
-2.488742023706436157e-01,-6.367663294076919556e-02
4.886631071567535400e-01,8.226820230484008789e-01
5.435849428176879883e-01,1.979467421770095825e-01
4.440793991088867188e-01,6.008761376142501831e-02
7.183529734611511230e-01,3.589011430740356445e-01
3.648695051670074463e-01,-6.263011693954467773e-01
3.380441665649414062e-01,6.389927864074707031e-01
2.052201926708221436e-01,3.596808388829231262e-02
6.977800726890563965e-01,5.830188393592834473e-01
2.819229960441589355e-01,5.906263589859008789e-01
6.924911737442016602e-01,5.726645588874816895e-01
5.446470975875854492e-01,2.418089061975479126e-01
2.577337920665740967e-01,5.153454542160034180e-01
6.763424873352050781e-01,-3.805365562438964844e-01
4.833862185478210449e-01,-1.692772656679153442e-02
2.706630229949951172e-01,6.052368879318237305e-01
6.861929297447204590e-01,5.910026431083679199e-01
7.161723375320434570e-01,6.498345732688903809e-01
7.774749398231506348e-02,2.193083316087722778e-01
3.585486114025115967e-01,6.032927632331848145e-01
6.552219390869140625e-01,5.221731662750244141e-01
5.033977627754211426e-01,3.906846940517425537e-01
4.929162859916687012e-01,8.459844589233398438e-01
3.208810687065124512e-01,6.400781273841857910e-01
2.237755060195922852e-01,5.222747921943664551e-01
-3.142773807048797607e-01,-4.655266106128692627e-01
5.435365438461303711e-01,2.727406024932861328e-01
6.910933256149291992e-01,6.198096871376037598e-01
-2.854392677545547485e-02,1.991218775510787964e-01
-3.980949893593788147e-02,1.918083131313323975e-01
8.017995208501815796e-02,1.971413642168045044e-01
2.468531578779220581e-01,5.474444031715393066e-01
5.370049476623535156e-01,8.533801436424255371e-01
-5.207312759011983871e-03,1.830837130546569824e-01
3.875806629657745361e-01,-5.512323975563049316e-01
3.061023652553558350e-01,5.507577657699584961e-01
-2.073872834444046021e-01,-4.061036184430122375e-02
5.130322575569152832e-01,-4.376711547374725342e-01
-2.566830217838287354e-01,-4.303564131259918213e-02
-9.308639913797378540e-02,1.907739490270614624e-01
7.910432219505310059e-01,4.840959310531616211e-01
6.533208489418029785e-01,5.974694490432739258e-01
5.397472158074378967e-02,-3.152267634868621826e-02
4.930181801319122314e-01,6.602761745452880859e-01
3.021230399608612061e-01,5.225169062614440918e-01
4.860915541648864746e-01,-5.487061738967895508e-01
5.829105377197265625e-01,8.083014488220214844e-01
2.963692843914031982e-01,5.956838130950927734e-01
3.707223534584045410e-01,1.289797723293304443e-01
4.958113729953765869e-01,6.892905831336975098e-01
6.972785592079162598e-01,3.722389638423919678e-01
-3.701264858245849609e-01,-1.018743142485618591e-01
6.793636679649353027e-01,5.319925546646118164e-01
4.686467647552490234e-01,2.415843307971954346e-01
4.286774694919586182e-01,7.210725545883178711e-01
5.256958007812500000e-01,2.310304343700408936e-01
2.431049644947052002e-01,8.040617406368255615e-02
6.194052696228027344e-01,2.160970121622085571e-01
4.125667512416839600e-01,-5.310543775558471680e-01
6.943019032478332520e-01,5.431956648826599121e-01
4.896612167358398438e-01,7.043016552925109863e-01
-5.717686563730239868e-02,1.721902489662170410e-01
-1.934248395264148712e-02,1.759735047817230225e-01
4.716237187385559082e-01,3.653439581394195557e-01
2.426307797431945801e-01,6.150196790695190430e-01
4.668697714805603027e-01,3.841931223869323730e-01
4.162214398384094238e-01,-4.641907215118408203e-01
6.937658190727233887e-01,3.579112291336059570e-01
2.483818829059600830e-01,5.330683588981628418e-01
1.153075322508811951e-01,1.354416366666555405e-02
4.672600030899047852e-01,6.885687112808227539e-01
6.441228091716766357e-02,2.025126218795776367e-01
7.392100095748901367e-01,5.717108249664306641e-01
-1.829032152891159058e-01,-6.462797056883573532e-03
6.424806714057922363e-01,6.518924832344055176e-01
4.291285872459411621e-01,7.131519913673400879e-01
-1.213084831833839417e-01,2.072033584117889404e-01
6.359524726867675781e-01,2.326364219188690186e-01
6.618162989616394043e-01,6.563556194305419922e-01
4.869904816150665283e-01,7.793751358985900879e-01
4.717365801334381104e-01,6.848996281623840332e-01
6.913541555404663086e-01,6.860436201095581055e-01
-3.598335087299346924e-01,-4.290339648723602295e-01
-4.062949419021606445e-01,-3.591572865843772888e-02
5.867090821266174316e-01,5.211184620857238770e-01
-3.131452500820159912e-01,-5.682176351547241211e-02
6.992025375366210938e-01,3.683810830116271973e-01
5.199078917503356934e-01,2.657607495784759521e-01
4.329150021076202393e-01,8.042127490043640137e-01
4.147893786430358887e-01,2.920337952673435211e-02
5.072475075721740723e-01,8.352988362312316895e-01
4.844411015510559082e-01,7.023276686668395996e-01
4.961972534656524658e-01,8.272637724876403809e-01
-2.471393197774887085e-01,-4.301950931549072266e-01
4.928473830223083496e-01,-2.619915455579757690e-02
4.869332909584045410e-01,7.591612339019775391e-01
7.338232994079589844e-01,6.649897098541259766e-01
3.620339930057525635e-01,6.212530136108398438e-01
5.758738517761230469e-01,-3.284503221511840820e-01
7.158569097518920898e-01,6.291449069976806641e-01
6.690747141838073730e-01,6.896474361419677734e-01
1.461386978626251221e-01,-1.504632551223039627e-02
4.814647138118743896e-01,6.311265230178833008e-01
5.251614451408386230e-01,8.056231141090393066e-01
5.292429327964782715e-01,8.087973594665527344e-01
-2.983613610267639160e-01,-3.760915994644165039e-02
6.442769169807434082e-01,6.278514862060546875e-01
7.073350548744201660e-01,6.678317189216613770e-01
-7.526236772537231445e-02,1.401671469211578369e-01
7.033359408378601074e-01,3.646902740001678467e-01
-3.095660507678985596e-01,-5.569694563746452332e-02
7.150892019271850586e-01,3.750313520431518555e-01
4.602280259132385254e-01,2.097031027078628540e-01
2.295860350131988525e-01,5.218464732170104980e-01
-8.700856566429138184e-02,1.904041171073913574e-01
5.842641592025756836e-01,-3.330293297767639160e-01
5.340051278471946716e-02,1.970866620540618896e-01
4.705869555473327637e-01,4.626427590847015381e-02
6.074130535125732422e-01,1.941331028938293457e-01
5.208431482315063477e-01,8.373023271560668945e-01
4.213056862354278564e-01,4.384962841868400574e-02
4.453518092632293701e-01,-5.702940821647644043e-01
1.568780541419982910e-01,1.775508746504783630e-02
4.198432564735412598e-01,7.062019407749176025e-02
2.951584458351135254e-01,5.756152272224426270e-01
7.135599851608276367e-01,6.841470003128051758e-01
7.075200080871582031e-01,5.736845731735229492e-01
6.116164326667785645e-01,5.261676311492919922e-01
-4.007076919078826904e-01,-4.684825539588928223e-01
2.557514309883117676e-01,4.912226498126983643e-01
4.592723846435546875e-01,8.468351326882839203e-03
2.724956870079040527e-01,5.223091244697570801e-01
4.867774844169616699e-01,6.968861222267150879e-01
7.113051414489746094e-01,6.471583247184753418e-01
-2.442246675491333008e-02,1.831270903348922729e-01
7.070571780204772949e-01,6.458349823951721191e-01
3.448199629783630371e-01,6.699327826499938965e-01
6.496516466140747070e-01,6.344189047813415527e-01
4.327674508094787598e-01,3.930667936801910400e-01
-2.191356271505355835e-01,-4.290369153022766113e-01
-1.066529378294944763e-01,8.847551047801971436e-02
8.022046089172363281e-01,5.022772550582885742e-01
1.965975761413574219e-02,1.965814232826232910e-01
7.521373629570007324e-01,4.178472459316253662e-01
5.183073282241821289e-01,7.102330923080444336e-01
4.617821872234344482e-01,6.171589493751525879e-01
4.111334383487701416e-01,6.526655554771423340e-01
7.452001571655273438e-01,7.221122980117797852e-01
7.246596217155456543e-01,6.550227403640747070e-01
-3.111083805561065674e-01,-4.396925270557403564e-01
5.285300016403198242e-01,6.919870376586914062e-01
2.922959923744201660e-01,5.532521009445190430e-01
5.836194157600402832e-01,2.467335909605026245e-01
6.562506556510925293e-01,4.758516550064086914e-01
1.025427877902984619e-01,1.786165684461593628e-02
8.268637061119079590e-01,7.693526148796081543e-01
6.234023571014404297e-01,1.659564226865768433e-01
7.511802911758422852e-01,7.046993970870971680e-01
1.200426965951919556e-01,2.036994248628616333e-01
5.233605504035949707e-01,-4.414618313312530518e-01
2.957952320575714111e-01,6.598259806632995605e-01
4.705449342727661133e-01,6.116267442703247070e-01
6.624531745910644531e-01,5.723872184753417969e-01
5.315072536468505859e-01,6.390877366065979004e-01
2.074039280414581299e-01,7.215148955583572388e-02
-3.840444087982177734e-01,-1.061687245965003967e-02
8.960559964179992676e-02,2.114807218313217163e-01
1.200649440288543701e-01,3.248669952154159546e-02
5.646839737892150879e-01,2.297154068946838379e-01
2.610010206699371338e-01,5.487596988677978516e-01
4.303642511367797852e-01,-1.707682944834232330e-02
-2.005907148122787476e-01,-4.029353559017181396e-01
4.946391284465789795e-01,7.023292779922485352e-01
8.036114573478698730e-01,4.117282330989837646e-01
6.775524616241455078e-01,3.677235543727874756e-01
5.100916624069213867e-01,7.971636652946472168e-01
2.819266915321350098e-01,4.908120930194854736e-01
2.000387459993362427e-01,4.277309179306030273e-01
5.674719214439392090e-01,2.165195792913436890e-01
5.480161905288696289e-01,2.240957617759704590e-01
2.306154221296310425e-01,9.242041409015655518e-02
5.956851840019226074e-01,1.944365650415420532e-01
6.281592696905136108e-02,2.664176225662231445e-01
1.214496716856956482e-01,3.910321369767189026e-02
7.196341156959533691e-01,6.304590702056884766e-01
6.476067751646041870e-02,3.302070312201976776e-03
5.000505447387695312e-01,7.760356068611145020e-01
5.574865341186523438e-01,8.399403691291809082e-01
4.762350320816040039e-01,4.899169802665710449e-01
4.781990349292755127e-01,6.812344193458557129e-01
4.620096981525421143e-01,3.836150467395782471e-02
4.824886918067932129e-01,3.943032324314117432e-01
1.313988417387008667e-01,2.379785329103469849e-01
2.832470834255218506e-01,6.162510514259338379e-01
6.860118824988603592e-03,-2.377590984106063843e-01
6.541080474853515625e-01,6.586466431617736816e-01
4.275047779083251953e-01,-4.609842002391815186e-01
3.034466803073883057e-01,5.992797613143920898e-01
7.409698963165283203e-01,6.930243372917175293e-01
-6.531056482344865799e-03,-2.221332117915153503e-02
2.911373376846313477e-01,6.094781160354614258e-01
4.713007211685180664e-01,7.274968624114990234e-01
1.683467179536819458e-01,5.074862763285636902e-02
6.486554145812988281e-01,1.843341141939163208e-01
6.208634376525878906e-01,2.424272894859313965e-01
-3.898838162422180176e-02,1.953477710485458374e-01
7.242229580879211426e-01,3.861035406589508057e-01
3.278313875198364258e-01,6.202943325042724609e-01
4.982243478298187256e-01,6.794443130493164062e-01
4.102936089038848877e-01,-4.358364343643188477e-01
6.995187401771545410e-01,3.337228596210479736e-01
1.948763728141784668e-01,7.378526777029037476e-02
6.340094804763793945e-01,5.121903419494628906e-01
2.387392371892929077e-01,4.985131323337554932e-01
9.888412058353424072e-02,2.235974371433258057e-01
6.103325486183166504e-01,1.906010359525680542e-01
4.764427244663238525e-01,7.154633402824401855e-01
4.682545065879821777e-01,3.859724104404449463e-01
6.589273810386657715e-01,6.167013645172119141e-01
5.524079799652099609e-01,5.117571949958801270e-01
5.134939551353454590e-01,7.300649303942918777e-03
1.716403067111968994e-01,4.932760596275329590e-01
2.317530661821365356e-01,5.780471563339233398e-01
4.940299987792968750e-01,7.629435658454895020e-01
4.991999268531799316e-01,7.317015528678894043e-01
6.965770721435546875e-01,5.555312037467956543e-01
4.696524739265441895e-01,8.481608033180236816e-01
5.553460121154785156e-01,1.728474199771881104e-01
6.048702597618103027e-01,-2.812883555889129639e-01
4.565566778182983398e-01,7.141119241714477539e-01
1.748217791318893433e-01,6.307958066463470459e-02
6.770388484001159668e-01,5.458950996398925781e-01
5.719031691551208496e-01,8.151880502700805664e-01
7.002447247505187988e-01,6.343300342559814453e-01
6.600763797760009766e-01,6.513237357139587402e-01
6.204921007156372070e-01,4.334046840667724609e-01
2.640949785709381104e-01,5.368944406509399414e-01
4.543638527393341064e-01,5.436072349548339844e-01
7.464490532875061035e-01,4.822382032871246338e-01
4.858353734016418457e-01,7.374674081802368164e-01
6.662589311599731445e-01,5.020953416824340820e-01
-2.785223424434661865e-01,-4.718415141105651855e-01
4.572397172451019287e-01,5.989452004432678223e-01
6.255686283111572266e-01,4.786993563175201416e-01
-4.825971424579620361e-01,-5.013325214385986328e-01
7.234539389610290527e-01,5.950545668601989746e-01
8.073678612709045410e-01,4.231282472610473633e-01
3.829583525657653809e-01,-5.300830006599426270e-01
5.311489105224609375e-01,-3.331176340579986572e-01
1.994250267744064331e-01,5.401991009712219238e-01
2.487314492464065552e-01,5.937454104423522949e-01
7.098928093910217285e-01,5.198563337326049805e-01
3.521768748760223389e-01,6.127390861511230469e-01
4.763498902320861816e-01,7.175382971763610840e-01
6.758597493171691895e-01,6.179066300392150879e-01
5.803650617599487305e-01,2.309209704399108887e-01
1.035602092742919922e-01,2.724552713334560394e-02
4.679892063140869141e-01,5.587350130081176758e-01
5.297756195068359375e-01,8.188686370849609375e-01
5.969288945198059082e-01,2.040785253047943115e-01
7.775601744651794434e-01,5.427565574645996094e-01
5.458758473396301270e-01,8.680824637413024902e-01
6.386443376541137695e-01,1.383190453052520752e-01
-3.401761054992675781e-01,-1.042693480849266052e-01
6.753571629524230957e-01,6.164603233337402344e-01
4.693092703819274902e-01,5.247418880462646484e-01
5.217086672782897949e-01,7.857779860496520996e-01
5.164998173713684082e-01,8.061188459396362305e-01
6.191479563713073730e-01,-4.659075736999511719e-01
6.421166658401489258e-01,5.819753408432006836e-01
5.739772319793701172e-01,1.736785918474197388e-01
5.783184170722961426e-01,5.923528671264648438e-01
2.420062720775604248e-01,4.499388635158538818e-01
7.031792402267456055e-02,-9.198118746280670166e-02
6.565681695938110352e-01,3.260724842548370361e-01
6.030331850051879883e-01,1.877131015062332153e-01
-8.264911174774169922e-02,1.216082647442817688e-01
5.522738099098205566e-01,6.503223180770874023e-01
3.332704305648803711e-01,6.177268624305725098e-01
4.368686303496360779e-02,1.872783899307250977e-01
7.239903807640075684e-01,5.562429428100585938e-01
1.213276162743568420e-01,3.478730469942092896e-02
5.044171810150146484e-01,8.032826781272888184e-01
-3.935090303421020508e-01,-7.023296505212783813e-02
5.591006875038146973e-01,1.696105152368545532e-01
7.439419627189636230e-01,6.836772561073303223e-01
3.496249392628669739e-02,2.743286490440368652e-01
3.487412333488464355e-01,5.978050827980041504e-01
6.856220364570617676e-01,5.415027737617492676e-01
-8.248622715473175049e-02,-8.904132843017578125e-01
7.552725076675415039e-01,6.684023141860961914e-01
4.933350086212158203e-01,-4.762206673622131348e-01
5.541173815727233887e-01,8.523299694061279297e-01
5.546517968177795410e-01,2.130090445280075073e-01
4.117068946361541748e-01,6.817299723625183105e-01
5.231473445892333984e-01,-3.377152681350708008e-01
-1.250604242086410522e-01,-7.224560528993606567e-02
4.531755149364471436e-01,4.677772230934351683e-04
5.834406614303588867e-01,2.226719707250595093e-01
7.035947442054748535e-01,6.939282417297363281e-01
7.548035979270935059e-01,6.785115599632263184e-01
6.699925661087036133e-01,6.246560811996459961e-01
4.301056265830993652e-01,6.836729645729064941e-01
8.039352893829345703e-01,7.156214118003845215e-01
5.767288804054260254e-01,2.189309895038604736e-01
6.812893748283386230e-01,4.649665951728820801e-01
-1.827684603631496429e-02,2.042942643165588379e-01
2.160589247941970825e-01,4.558127522468566895e-01
2.626189291477203369e-01,5.697367787361145020e-01
3.975543677806854248e-01,-4.857677817344665527e-01
6.948941349983215332e-01,4.941283762454986572e-01
5.151786208152770996e-01,-4.353285729885101318e-01
6.719753146171569824e-01,6.963422298431396484e-01
5.777945518493652344e-01,1.686963438987731934e-01
4.401837289333343506e-01,7.250190973281860352e-01
6.749014258384704590e-01,4.554457962512969971e-01
2.281111031770706177e-01,4.946114420890808105e-01
2.977133393287658691e-01,6.055408120155334473e-01
-1.382914930582046509e-01,-2.500020861625671387e-01
5.953764915466308594e-01,2.246202528476715088e-01
6.824753880500793457e-01,6.854801774024963379e-01
-1.540713161230087280e-01,-8.078511357307434082e-01
5.963321924209594727e-01,-2.634166479110717773e-01
6.877747774124145508e-01,5.788103342056274414e-01
6.429682374000549316e-01,-4.457927048206329346e-01
4.785277545452117920e-01,7.106348872184753418e-01
5.088360905647277832e-01,5.200239419937133789e-01
-3.228767216205596924e-01,-4.186271131038665771e-01
6.583822965621948242e-01,3.567752540111541748e-01
6.688763499259948730e-01,6.045032739639282227e-01
-3.488292694091796875e-01,-8.072500675916671753e-02
2.238531857728958130e-01,2.125054970383644104e-02
5.866901278495788574e-01,2.177187502384185791e-01
6.817933320999145508e-01,4.036575853824615479e-01
4.790329039096832275e-01,-2.811586298048496246e-02
4.219001829624176025e-01,-5.903714299201965332e-01
7.156597375869750977e-01,1.903654932975769043e-01
3.663889765739440918e-01,6.176826953887939453e-01
2.998373508453369141e-01,5.926983356475830078e-01
5.485314130783081055e-01,6.817480325698852539e-01
7.055332064628601074e-01,6.588231325149536133e-01
3.097814917564392090e-01,6.247625350952148438e-01
6.298955082893371582e-01,1.769258081912994385e-01
4.637965559959411621e-01,6.774682998657226562e-01
8.104506731033325195e-01,7.285706400871276855e-01
1.629483848810195923e-01,-6.770722866058349609e-01
4.845291078090667725e-01,7.400243729352951050e-02
6.783520579338073730e-01,5.140159130096435547e-01
5.920671820640563965e-01,1.848308891057968140e-01
6.603088378906250000e-01,4.477550387382507324e-01
3.659763932228088379e-01,-7.454186677932739258e-01
5.152147412300109863e-01,6.784719228744506836e-01
5.069413185119628906e-01,6.938329339027404785e-01
6.226598620414733887e-01,4.868671894073486328e-01
2.138384729623794556e-01,5.382927879691123962e-02
3.708385229110717773e-01,6.130974888801574707e-01
4.980426728725433350e-01,7.659832835197448730e-01
7.058140039443969727e-01,5.903902649879455566e-01
-4.226554334163665771e-01,-6.330031901597976685e-02
5.679458975791931152e-01,-3.855789899826049805e-01
4.929760396480560303e-01,-5.583947896957397461e-01
5.026082396507263184e-01,8.218667507171630859e-01
2.937703132629394531e-01,5.828711986541748047e-01
2.065648734569549561e-01,4.924933612346649170e-01
-3.027717471122741699e-01,-3.110860474407672882e-02
5.975612998008728027e-01,2.081157416105270386e-01
3.726846277713775635e-01,6.060904264450073242e-01
2.926522791385650635e-01,6.047253012657165527e-01
5.513400435447692871e-01,1.753942668437957764e-01
3.045938611030578613e-01,6.264520287513732910e-01
8.134361505508422852e-01,4.765084385871887207e-01
3.634614646434783936e-01,7.019712328910827637e-01
5.543358325958251953e-01,2.235298603773117065e-01
-3.085145652294158936e-01,-4.725248515605926514e-01
4.641316533088684082e-01,-1.805274747312068939e-02
2.345123291015625000e-01,4.918177127838134766e-01
5.931959748268127441e-01,1.972304582595825195e-01
5.222381353378295898e-01,3.871352970600128174e-01
7.428444623947143555e-01,6.411123871803283691e-01
6.035609841346740723e-01,2.136189043521881104e-01
7.412370443344116211e-01,7.216141819953918457e-01
7.265998721122741699e-01,5.679015517234802246e-01
6.464819908142089844e-01,5.203242301940917969e-01
7.432927489280700684e-01,5.783026218414306641e-01
-3.716630339622497559e-01,-3.748681545257568359e-01
6.174106597900390625e-01,-4.776358306407928467e-01
7.000534534454345703e-01,4.046911001205444336e-01
7.278054356575012207e-01,5.677866339683532715e-01
-4.254298508167266846e-01,-4.997137188911437988e-01
5.861654877662658691e-01,8.290528059005737305e-01
-1.223136857151985168e-01,-7.222542911767959595e-02
5.572521686553955078e-01,5.843690633773803711e-01
7.785921543836593628e-02,2.639324367046356201e-01
2.773454487323760986e-01,5.126706361770629883e-01
8.970867097377777100e-02,3.302575275301933289e-02
4.225082695484161377e-02,-1.305610220879316330e-02
-1.024851500988006592e-01,8.376596495509147644e-03
5.631023049354553223e-01,2.346340715885162354e-01
2.807132303714752197e-01,-6.669509410858154297e-01
6.918210983276367188e-01,6.992476582527160645e-01
5.239803344011306763e-02,1.415509283542633057e-01
4.471174180507659912e-01,7.076175212860107422e-01
3.797935694456100464e-02,2.472450882196426392e-01
1.421934664249420166e-01,-2.119303941726684570e-01
4.625819325447082520e-01,7.480689287185668945e-01
6.925833225250244141e-01,6.522625684738159180e-01
2.350791692733764648e-01,4.589790105819702148e-01
5.569464564323425293e-01,8.147855997085571289e-01
6.519734859466552734e-01,6.302250623703002930e-01
1.783781200647354126e-01,5.305963382124900818e-02
5.552021861076354980e-01,2.162207365036010742e-01
4.285214543342590332e-01,3.777385130524635315e-02
6.233723759651184082e-01,5.399954319000244141e-01
7.007026672363281250e-01,5.917205810546875000e-01
-2.226667404174804688e-01,1.272107567638158798e-02
4.418527483940124512e-01,7.016484737396240234e-01
5.356030464172363281e-01,-3.404756784439086914e-01
4.530346393585205078e-01,8.086154460906982422e-01
7.285913079977035522e-02,1.902158409357070923e-01
4.750032424926757812e-01,6.069160103797912598e-01
4.969117343425750732e-01,8.139690160751342773e-01
7.038699984550476074e-01,3.635018169879913330e-01
6.586398482322692871e-01,-5.475583076477050781e-01
5.741435289382934570e-01,2.195274680852890015e-01
4.530414938926696777e-01,3.714659065008163452e-02
6.547106504440307617e-01,3.576322793960571289e-01
2.757057845592498779e-01,5.006232261657714844e-01
5.172615647315979004e-01,8.449198603630065918e-01
7.765247821807861328e-01,7.003998160362243652e-01
4.701376259326934814e-01,2.350673973560333252e-01
4.838331639766693115e-01,5.133233070373535156e-01
-4.131592437624931335e-02,1.985518485307693481e-01
5.450785160064697266e-01,7.946346402168273926e-01
3.211526274681091309e-01,5.975745320320129395e-01
1.735791862010955811e-01,5.306097120046615601e-02
5.135927200317382812e-01,8.667332530021667480e-01
1.673936694860458374e-01,7.417742162942886353e-02
3.010379076004028320e-01,6.001155972480773926e-01
4.959679245948791504e-01,8.087035417556762695e-01
2.814166247844696045e-03,1.758785396814346313e-01
3.574493825435638428e-01,-5.353195667266845703e-01
8.105652928352355957e-01,7.374005913734436035e-01
9.336281567811965942e-02,1.706581115722656250e-01
3.149108290672302246e-01,6.499586105346679688e-01
4.808493554592132568e-01,3.477452397346496582e-01
6.745051741600036621e-01,5.876327753067016602e-01
4.720587730407714844e-01,6.880231499671936035e-01
2.396290600299835205e-01,5.105518698692321777e-01
5.910904407501220703e-01,2.170041203498840332e-01
8.135353922843933105e-01,3.970771729946136475e-01
3.372471034526824951e-01,6.267721056938171387e-01
2.972005903720855713e-01,6.126074790954589844e-01
4.792596101760864258e-01,5.240048766136169434e-01
4.531128108501434326e-01,1.736590079963207245e-02
6.697943806648254395e-02,1.934427618980407715e-01
3.571404814720153809e-01,5.991060137748718262e-01
8.247912526130676270e-01,7.610371112823486328e-01
2.729499042034149170e-01,6.052428483963012695e-01
2.586088180541992188e-01,6.342588067054748535e-01
5.358228087425231934e-01,8.457080125808715820e-01
-5.016649365425109863e-01,6.094360947608947754e-01
-6.699593067169189453e-01,-8.236731886863708496e-01
-1.137095615267753601e-01,-2.938861958682537079e-02
2.405410706996917725e-01,5.611765384674072266e-01
6.868848800659179688e-01,6.744040250778198242e-01
5.077978968620300293e-01,6.830123662948608398e-01
7.140200734138488770e-01,5.893998742103576660e-01
7.036321163177490234e-01,4.541732966899871826e-01
2.075336277484893799e-01,4.682271778583526611e-01
4.547509849071502686e-01,7.023179531097412109e-01
1.809751838445663452e-01,7.102534174919128418e-03
1.354141533374786377e-01,2.629542052745819092e-01
2.582650780677795410e-01,5.269253849983215332e-01
7.671400308609008789e-01,6.889766454696655273e-01
5.995256900787353516e-01,2.392148524522781372e-01
5.810370445251464844e-01,2.228382825851440430e-01
7.700835466384887695e-01,3.328768312931060791e-01
9.119790792465209961e-02,1.998356729745864868e-01
5.822572708129882812e-01,1.803252249956130981e-01
5.216870903968811035e-01,-5.900413393974304199e-01
6.892376542091369629e-01,5.423417091369628906e-01
5.558006167411804199e-01,2.215087860822677612e-01
7.333238720893859863e-01,6.409414410591125488e-01
4.363851547241210938e-01,5.712709203362464905e-02
2.756716012954711914e-01,5.946631431579589844e-01
5.575079321861267090e-01,7.757186889648437500e-01
-1.627481728792190552e-01,-8.368641138076782227e-02
-3.892723917961120605e-01,-2.870404347777366638e-02
5.270614624023437500e-01,5.255457758903503418e-01
-4.118255376815795898e-01,-5.517164617776870728e-02
-4.307745993137359619e-01,-4.747338294982910156e-01
6.995503306388854980e-01,4.554986655712127686e-01
3.126025795936584473e-01,5.769039988517761230e-01
4.166730940341949463e-01,-2.772729992866516113e-01
3.543975949287414551e-01,5.131343007087707520e-01
4.116625785827636719e-01,5.070188045501708984e-01
6.093187928199768066e-01,5.057586431503295898e-01
5.476956367492675781e-01,6.634003520011901855e-01
3.615980595350265503e-02,1.860548853874206543e-01
1.711194775998592377e-02,2.067555338144302368e-01
1.018969342112541199e-01,2.501061260700225830e-01
4.867521524429321289e-01,8.548945784568786621e-01
5.004163384437561035e-01,2.186536937952041626e-01
4.016786441206932068e-02,1.726197749376296997e-01
7.327135801315307617e-01,7.042214870452880859e-01
6.060709953308105469e-01,4.604210853576660156e-01
4.706091582775115967e-01,3.374036028981208801e-02
5.155026912689208984e-01,8.505710959434509277e-01
5.437348484992980957e-01,6.481101512908935547e-01
5.401011705398559570e-01,8.783143758773803711e-01
2.543453574180603027e-01,5.696113705635070801e-01
6.937971711158752441e-01,5.106512904167175293e-01
6.543572545051574707e-01,6.624476313591003418e-01
2.537969946861267090e-01,4.807773232460021973e-01
-1.565318703651428223e-01,-3.767708688974380493e-02
4.736292064189910889e-01,8.356751799583435059e-01
4.911601841449737549e-01,5.602290630340576172e-01
5.529328584671020508e-01,2.542015910148620605e-01
5.690675973892211914e-01,8.358244895935058594e-01
4.470191001892089844e-01,-5.837710499763488770e-01
7.057524323463439941e-01,5.547229647636413574e-01
4.409736096858978271e-01,-4.840796589851379395e-01
2.781131863594055176e-01,6.171911358833312988e-01
7.449239492416381836e-01,6.997476220130920410e-01
4.909544587135314941e-01,7.129445672035217285e-01
6.818410158157348633e-01,6.613826155662536621e-01
6.776025295257568359e-01,5.170677900314331055e-01
3.923926129937171936e-02,1.944240033626556396e-01
-4.129691123962402344e-01,-4.581745266914367676e-01
7.098689079284667969e-01,5.284707546234130859e-01
5.978634357452392578e-01,1.655011773109436035e-01
5.569209456443786621e-01,2.084144353866577148e-01
-2.859980463981628418e-01,4.101536702364683151e-03
4.286786615848541260e-01,4.349360615015029907e-02
2.167723178863525391e-01,4.744344055652618408e-01
4.311234652996063232e-01,7.153925895690917969e-01
6.964536309242248535e-01,5.354241132736206055e-01
7.250696420669555664e-01,6.760776638984680176e-01
6.612500548362731934e-01,2.970535159111022949e-01
4.435530602931976318e-01,-6.033848598599433899e-02
6.797797679901123047e-01,4.419209063053131104e-01
6.694912314414978027e-01,6.435729265213012695e-01
5.609208345413208008e-01,8.352407813072204590e-01
4.030061662197113037e-01,5.480170845985412598e-01
4.422218799591064453e-01,5.925977230072021484e-01
-2.884386181831359863e-01,-2.754618600010871887e-02
8.157716989517211914e-01,4.806740581989288330e-01
6.622890830039978027e-01,4.023634493350982666e-01
3.087781965732574463e-01,5.872001647949218750e-01
3.182113766670227051e-01,6.880109310150146484e-01
6.906718611717224121e-01,5.484225749969482422e-01
6.901320815086364746e-01,6.481686234474182129e-01
6.565590500831604004e-01,5.378043055534362793e-01
7.511698603630065918e-01,7.068771719932556152e-01
7.135918140411376953e-01,5.853062272071838379e-01
5.442277193069458008e-01,2.891517579555511475e-01
1.044915094971656799e-01,-6.124536395072937012e-01
6.937064528465270996e-01,4.614919722080230713e-01
4.403920471668243408e-01,7.206555008888244629e-01
6.022412180900573730e-01,2.178953289985656738e-01
4.315696060657501221e-01,9.076374024152755737e-02
8.451095223426818848e-02,1.475119888782501221e-01
-2.171133011579513550e-01,-3.987016975879669189e-01
1.579407751560211182e-01,2.229751646518707275e-02
5.428188443183898926e-01,7.868148088455200195e-01
4.240030348300933838e-01,9.832508116960525513e-02
-4.869382828474044800e-02,1.912951171398162842e-01
3.295106887817382812e-01,5.052369832992553711e-01
1.462121400982141495e-02,2.600983083248138428e-01
7.289453148841857910e-01,6.594281196594238281e-01
4.326174780726432800e-02,1.715168058872222900e-01
6.037285923957824707e-01,1.654387414455413818e-01
3.481364846229553223e-01,6.343452930450439453e-01
-6.607698649168014526e-02,1.304045617580413818e-01
7.079319097101688385e-03,1.644888669252395630e-01
6.018445491790771484e-01,8.533238768577575684e-01
3.480226993560791016e-01,6.243255734443664551e-01
5.636546611785888672e-01,7.833604216575622559e-01
-1.112221628427505493e-01,1.969523429870605469e-01
2.101979404687881470e-01,4.305160641670227051e-01
4.533039331436157227e-01,-6.096019148826599121e-01
3.830716609954833984e-01,-4.266814589500427246e-01
1.240984126925468445e-01,1.081753801554441452e-02
-2.652809396386146545e-02,-8.159215450286865234e-01
6.821747422218322754e-01,5.801062583923339844e-01
-1.186747327446937561e-01,-2.886649407446384430e-02
4.660882949829101562e-01,-2.321340329945087433e-02
5.980352759361267090e-01,-4.426385462284088135e-01
6.473044753074645996e-01,5.299200415611267090e-01
7.148158550262451172e-01,6.303719282150268555e-01
-3.474532961845397949e-01,-4.373729825019836426e-01
-4.027697145938873291e-01,-4.346963167190551758e-01
6.160967350006103516e-01,2.239740192890167236e-01
-2.387746237218379974e-02,-7.853454351425170898e-01
4.924048185348510742e-01,4.545143246650695801e-02
-7.559164613485336304e-02,1.892978549003601074e-01
6.805796027183532715e-01,3.987877666950225830e-01
6.751323342323303223e-01,3.421723246574401855e-01
2.676452398300170898e-01,5.174869298934936523e-01
-8.649230748414993286e-02,-8.134278655052185059e-01
4.881848990917205811e-01,8.139936923980712891e-01
1.939149945974349976e-01,4.734967947006225586e-01
-2.361128181219100952e-01,2.028566785156726837e-03
4.534394741058349609e-01,7.274086475372314453e-01
7.193458080291748047e-01,5.817753672599792480e-01
-2.607755959033966064e-01,7.424054201692342758e-03
4.624006748199462891e-01,6.154031157493591309e-01
5.104115009307861328e-01,-4.422582313418388367e-02
6.658933758735656738e-01,3.526488542556762695e-01
2.611139714717864990e-01,5.375328063964843750e-01
3.551409244537353516e-01,6.300718784332275391e-01
5.830425024032592773e-01,-5.027148127555847168e-01
1.417768597602844238e-01,-2.050155773758888245e-02
-1.035545170307159424e-01,-2.889280207455158234e-02
4.635425508022308350e-01,4.913565218448638916e-01
6.435388922691345215e-01,4.262063801288604736e-01
5.831238031387329102e-01,-4.862477183341979980e-01
5.283434987068176270e-01,7.683374285697937012e-01
5.120020508766174316e-01,6.600762605667114258e-01
1.199547350406646729e-01,2.237960398197174072e-01
7.946542501449584961e-01,6.884042620658874512e-01
2.341775298118591309e-01,5.182070732116699219e-01
4.672094881534576416e-01,7.113701701164245605e-01
2.807314991950988770e-01,6.105482578277587891e-01
2.245345413684844971e-01,6.734448671340942383e-02
5.424095392227172852e-01,8.243947625160217285e-01
-4.116181731224060059e-01,-7.021410018205642700e-02
4.092011451721191406e-01,7.246274948120117188e-01
5.400974750518798828e-01,-5.543088316917419434e-01
-5.172145962715148926e-01,6.610679626464843750e-01
6.154415011405944824e-01,6.133481860160827637e-01
7.104898691177368164e-01,4.516508877277374268e-01
4.510378241539001465e-01,7.619151473045349121e-01
7.229083776473999023e-01,3.804747462272644043e-01
7.212462425231933594e-01,4.084129929542541504e-01
5.837347507476806641e-01,2.374270558357238770e-01
4.788686335086822510e-01,5.258253216743469238e-01
7.829949259757995605e-01,4.062840938568115234e-01
4.621955752372741699e-01,6.103845238685607910e-01
6.320025920867919922e-01,5.617871284484863281e-01
4.976504743099212646e-01,8.451805114746093750e-01
-3.135222792625427246e-01,-4.461721181869506836e-01
7.377431392669677734e-01,6.758005023002624512e-01
5.002565383911132812e-01,7.313934564590454102e-01
-2.929350435733795166e-01,-3.528518676757812500e-01
-6.364303082227706909e-02,-1.142961718142032623e-02
4.094890952110290527e-01,1.001247093081474304e-01
-4.643594026565551758e-01,6.117196083068847656e-01
6.782901287078857422e-01,6.627506613731384277e-01
3.691892027854919434e-01,-5.792264938354492188e-01
5.099921822547912598e-01,8.351106643676757812e-01
7.268941998481750488e-01,6.782976984977722168e-01
7.055879235267639160e-01,6.178932189941406250e-01
8.185631036758422852e-01,4.059539437294006348e-01
-3.628951013088226318e-01,-4.977260157465934753e-02
4.805453717708587646e-01,8.524701595306396484e-01
3.437317013740539551e-01,6.509637832641601562e-01
5.152806043624877930e-01,7.037394642829895020e-01
7.077464461326599121e-01,7.061458826065063477e-01
4.629428982734680176e-01,4.760420620441436768e-01
5.992622971534729004e-01,-2.873181700706481934e-01
-3.011346980929374695e-02,2.016841769218444824e-01
1.780202686786651611e-01,2.504970505833625793e-02
6.876813769340515137e-01,4.777478277683258057e-01
4.903238713741302490e-01,7.168974280357360840e-01
7.316058874130249023e-01,6.517956852912902832e-01
6.788558959960937500e-01,5.737579464912414551e-01
7.792383432388305664e-01,4.842524230480194092e-01
4.924550056457519531e-01,8.594399690628051758e-01
5.278052687644958496e-01,5.212433934211730957e-01
7.576144337654113770e-01,4.626981616020202637e-01
7.038316130638122559e-01,6.225546598434448242e-01
1.164640486240386963e-01,2.889318950474262238e-02
5.096675157546997070e-01,8.255013823509216309e-01
-2.536556720733642578e-01,-1.900823973119258881e-02
4.586107432842254639e-01,8.583470433950424194e-02
3.186619877815246582e-01,6.422146558761596680e-01
4.623749256134033203e-01,4.831770360469818115e-01
4.756927788257598877e-01,-5.166524648666381836e-01
2.793992459774017334e-01,5.777217149734497070e-01
4.642845094203948975e-01,7.503901422023773193e-02
4.235927164554595947e-01,6.141221523284912109e-01
-1.841024458408355713e-01,-4.721940681338310242e-02
4.016595780849456787e-01,3.570988029241561890e-02
2.325097844004631042e-02,1.857389062643051147e-01
2.844935357570648193e-01,5.571871995925903320e-01
5.095905065536499023e-01,8.318058252334594727e-01
7.093184590339660645e-01,5.329182147979736328e-01
1.266282796859741211e-01,2.232054471969604492e-01
2.569502890110015869e-01,4.912869036197662354e-01
-1.420313417911529541e-01,-3.909873589873313904e-02
6.336484551429748535e-01,3.751397430896759033e-01
5.397040247917175293e-01,7.911784648895263672e-01
4.915030002593994141e-01,5.287201404571533203e-01
4.732534289360046387e-01,5.934904143214225769e-02
6.778383255004882812e-01,3.893447220325469971e-01
5.476226806640625000e-01,2.811212539672851562e-01
4.682670235633850098e-01,8.127436041831970215e-03
-2.240152806043624878e-01,-4.329085648059844971e-01
-1.815394461154937744e-01,1.913138329982757568e-01
7.584226727485656738e-01,4.334731698036193848e-01
6.932309865951538086e-01,6.392908096313476562e-01
-1.208425760269165039e-01,-6.982158422470092773e-01
8.320593833923339844e-02,2.899091243743896484e-01
6.838827133178710938e-01,4.539068639278411865e-01
4.473632872104644775e-01,-2.495034597814083099e-02
6.077334880828857422e-01,4.866741597652435303e-01
6.939041018486022949e-01,4.313850700855255127e-01
4.506030306220054626e-02,2.708942294120788574e-01
6.649038195610046387e-01,3.856574594974517822e-01
4.881197512149810791e-01,6.275046467781066895e-01
7.158269286155700684e-01,6.855173707008361816e-01
3.219873309135437012e-01,5.686697363853454590e-01
4.711219072341918945e-01,6.780318617820739746e-01
5.225886106491088867e-01,6.779193878173828125e-01
6.427110433578491211e-01,5.648018121719360352e-01
-3.404337465763092041e-01,-4.602046906948089600e-01
-4.055003821849822998e-01,-4.580663442611694336e-01
6.303630471229553223e-01,2.394437193870544434e-01
6.585939526557922363e-01,2.097623199224472046e-01
2.452988922595977783e-01,5.807893276214599609e-01
5.345634818077087402e-01,8.719081282615661621e-01
5.362555384635925293e-01,-4.463682174682617188e-01
6.826204657554626465e-01,5.943213701248168945e-01
4.248483180999755859e-01,-4.045048356056213379e-02
6.903236508369445801e-01,5.927190184593200684e-01
2.680951654911041260e-01,6.419678926467895508e-01
3.595080673694610596e-01,6.539481878280639648e-01
-4.115052521228790283e-01,-7.685393840074539185e-02
3.425682187080383301e-01,6.381983160972595215e-01
4.051350057125091553e-01,6.361036896705627441e-01
-3.956937417387962341e-02,1.286057233810424805e-01
5.656411051750183105e-01,1.740388870239257812e-01
4.808348417282104492e-01,7.420442104339599609e-01
4.711233079433441162e-01,6.473829746246337891e-01
-5.283368825912475586e-01,7.741259336471557617e-01
6.888584494590759277e-01,4.072547256946563721e-01
4.826576411724090576e-01,7.150942087173461914e-01
2.134487181901931763e-01,5.664911270141601562e-01
5.776311755180358887e-01,-4.735274910926818848e-01
-1.658698730170726776e-02,2.037683874368667603e-01
4.674055278301239014e-01,3.481243252754211426e-01
-2.653922140598297119e-01,-8.318970352411270142e-02
4.322438836097717285e-01,8.716255426406860352e-02
7.012845277786254883e-01,4.777579009532928467e-01
1.795967370271682739e-01,-7.041645646095275879e-01
5.297491550445556641e-01,7.877621054649353027e-01
-2.292126119136810303e-01,-1.957692392170429230e-02
5.400264859199523926e-01,5.701040029525756836e-01
7.409608364105224609e-01,5.495293736457824707e-01
4.935909211635589600e-01,5.958124995231628418e-01
2.354594469070434570e-01,5.003818273544311523e-01
-4.476396143436431885e-01,-8.112665265798568726e-02
-3.655801117420196533e-01,-4.110592007637023926e-01
5.206108689308166504e-01,7.845927476882934570e-01
4.808084368705749512e-01,6.800847053527832031e-01
3.072101175785064697e-01,6.008870005607604980e-01
3.157726824283599854e-01,6.409623026847839355e-01
6.447492241859436035e-01,3.890522420406341553e-01
-1.800550222396850586e-01,-3.259113430976867676e-02
3.371773064136505127e-01,5.492590665817260742e-01
3.589684367179870605e-01,6.598452329635620117e-01
5.227923989295959473e-01,6.484678983688354492e-01
3.387429416179656982e-01,-5.475379824638366699e-01
5.458074808120727539e-01,2.118673324584960938e-01
1.476589292287826538e-01,3.266178071498870850e-02
6.634982228279113770e-01,3.659795224666595459e-01
-2.558693289756774902e-01,-4.656034409999847412e-01
-1.350805461406707764e-01,1.728401035070419312e-01
1.079303473234176636e-01,1.785414852201938629e-02
2.416376620531082153e-01,4.713346064090728760e-01
4.097506403923034668e-01,5.840774178504943848e-01
6.359428763389587402e-01,5.735022425651550293e-01
1.120115891098976135e-01,2.273318357765674591e-02
7.172837257385253906e-01,3.218344748020172119e-01
-2.673503160476684570e-01,-4.500721991062164307e-01
7.809253931045532227e-01,6.684809327125549316e-01
4.873282611370086670e-01,8.124111890792846680e-01
5.138665437698364258e-01,6.322319507598876953e-01
5.199476331472396851e-02,2.084449976682662964e-01
5.987207889556884766e-01,5.960769057273864746e-01
3.604793846607208252e-01,6.355702877044677734e-01
-5.001207590103149414e-01,6.847985982894897461e-01
5.381125211715698242e-01,3.206214904785156250e-01
5.890574455261230469e-01,1.598309129476547241e-01
1.826420128345489502e-01,4.498939812183380127e-01
5.094404220581054688e-01,-4.834087193012237549e-01
6.363278627395629883e-01,6.245034337043762207e-01
3.050546646118164062e-01,5.876434445381164551e-01
-2.579504391178488731e-03,2.167077213525772095e-01
2.721237540245056152e-01,6.006169915199279785e-01
6.551561951637268066e-01,6.185619831085205078e-01
5.839689373970031738e-01,2.380471080541610718e-01
6.555010080337524414e-01,6.239912509918212891e-01
5.495592355728149414e-01,8.218313455581665039e-01
4.922609031200408936e-01,5.938479676842689514e-02
6.394084095954895020e-01,6.008970737457275391e-01
6.237193346023559570e-01,5.139719843864440918e-01
2.976234555244445801e-01,5.948617458343505859e-01
4.492589533329010010e-01,-1.813022233545780182e-02
6.851941347122192383e-01,6.456110477447509766e-01
-1.409474313259124756e-01,-4.487587511539459229e-02
6.677942872047424316e-01,5.578324794769287109e-01
6.667176485061645508e-01,6.044470071792602539e-01
6.235746145248413086e-01,6.309335231781005859e-01
2.783441841602325439e-01,5.778498649597167969e-01
3.675960898399353027e-01,6.406689286231994629e-01
6.928302645683288574e-01,3.392243981361389160e-01
6.774421930313110352e-01,5.425435304641723633e-01
4.546785652637481689e-01,7.232551574707031250e-01
-1.191420406103134155e-01,-3.049301169812679291e-02
5.383979082107543945e-01,8.951911330223083496e-01
-3.118551671504974365e-01,-9.168069809675216675e-02
2.771418988704681396e-01,-8.045568466186523438e-01
6.698888540267944336e-01,-3.609687089920043945e-01
3.799221292138099670e-02,7.936713285744190216e-03
6.466274857521057129e-01,6.444449424743652344e-01
5.875618457794189453e-01,-4.124159514904022217e-01
6.277750134468078613e-01,6.484819650650024414e-01
-1.612311154603958130e-01,-3.513960242271423340e-01
1.061599329113960266e-02,2.188251167535781860e-01
2.364171296358108521e-01,5.646453499794006348e-01
5.351425409317016602e-01,2.509456276893615723e-01
6.897089481353759766e-01,5.250505805015563965e-01
5.653016567230224609e-01,2.250562906265258789e-01
3.265072703361511230e-01,6.260500550270080566e-01
8.000786304473876953e-01,4.531921446323394775e-01
8.103203773498535156e-01,4.093861579895019531e-01
-3.049328625202178955e-01,-1.074283123016357422e-01
-2.500162422657012939e-01,-5.899153649806976318e-02
-3.907858431339263916e-01,-7.752083241939544678e-02
7.452409267425537109e-01,6.992090940475463867e-01
2.701748311519622803e-01,5.496520400047302246e-01
3.077433705329895020e-01,5.656926035881042480e-01
1.425059884786605835e-01,1.189451478421688080e-02
4.575581252574920654e-01,7.405500411987304688e-01
6.454156041145324707e-01,3.431158959865570068e-01
6.736849546432495117e-01,6.565876603126525879e-01
1.926018893718719482e-01,2.223438769578933716e-01
4.697635769844055176e-01,-4.767107367515563965e-01
2.403857111930847168e-01,6.604261994361877441e-01
7.240086048841476440e-02,3.042469359934329987e-02
4.716889858245849609e-01,3.703198730945587158e-01
-6.379464268684387207e-02,-2.206634916365146637e-02
-1.814731061458587646e-01,1.318388581275939941e-01
5.853356122970581055e-01,1.442396193742752075e-01
6.868466138839721680e-01,6.618849039077758789e-01
2.436429820954799652e-02,1.976892948150634766e-01
6.378607153892517090e-01,2.103718519210815430e-01
6.877732276916503906e-01,5.636460781097412109e-01
6.559271216392517090e-01,6.520510911941528320e-01
3.706306517124176025e-01,6.264860630035400391e-01
3.188931941986083984e-01,5.619396567344665527e-01
5.814221501350402832e-01,2.374106794595718384e-01
-1.608899049460887909e-02,1.743851304054260254e-01
4.802708327770233154e-01,8.045541644096374512e-01
1.251904815435409546e-01,-4.346492234617471695e-03
4.641044437885284424e-01,6.090413928031921387e-01
6.948143243789672852e-01,6.177192330360412598e-01
7.420017123222351074e-01,4.811686873435974121e-01
5.650631189346313477e-01,2.346325218677520752e-01
7.351819276809692383e-01,3.889962732791900635e-01
6.697438955307006836e-01,6.335704326629638672e-01
6.864416599273681641e-01,4.593345224857330322e-01
7.962498664855957031e-01,3.761474490165710449e-01
7.164355516433715820e-01,6.710246205329895020e-01
1.432135999202728271e-01,2.278950661420822144e-01
7.283962368965148926e-01,4.554529786109924316e-01
8.097910284996032715e-01,4.597657620906829834e-01
7.652941942214965820e-01,6.936703324317932129e-01
-5.348860844969749451e-02,-7.134945690631866455e-02
2.813057303428649902e-01,6.160486936569213867e-01
7.597959041595458984e-01,7.010549306869506836e-01
7.231284379959106445e-01,6.333488821983337402e-01
2.471730113029479980e-01,-6.838697195053100586e-01
3.207686543464660645e-01,5.823345184326171875e-01
4.179546833038330078e-01,6.246411800384521484e-01
-4.826320335268974304e-02,-2.225002646446228027e-01
4.889383018016815186e-01,5.160701870918273926e-01
2.627613842487335205e-01,-6.575792431831359863e-01
6.330987811088562012e-01,3.835946619510650635e-01
2.050270736217498779e-01,5.410217642784118652e-01
3.959025144577026367e-01,-5.428376197814941406e-01
4.835391342639923096e-01,6.925264000892639160e-01
9.848909080028533936e-02,2.311212122440338135e-01
-1.768447309732437134e-01,-8.322639465332031250e-01
-5.703280866146087646e-02,2.034422308206558228e-01
6.942030787467956543e-01,7.298703193664550781e-01
3.563770353794097900e-01,6.430769562721252441e-01
2.525624632835388184e-01,5.776314139366149902e-01
-2.134264111518859863e-01,-8.524335026741027832e-01
8.098699450492858887e-01,4.246785640716552734e-01
4.903211593627929688e-01,5.831651091575622559e-01
-3.206466734409332275e-01,-4.758773744106292725e-01
6.955227851867675781e-01,4.941862821578979492e-01
4.238046407699584961e-01,7.720116376876831055e-01
6.026015281677246094e-01,8.330772519111633301e-01
6.267055869102478027e-01,6.851060986518859863e-01
-2.444825917482376099e-01,-8.180149197578430176e-01
1.465554535388946533e-01,2.327769398689270020e-01
3.665328323841094971e-01,6.484462022781372070e-01
6.349949836730957031e-01,6.150450706481933594e-01
7.047225832939147949e-01,5.190107822418212891e-01
5.724885463714599609e-01,-4.176651537418365479e-01
3.195844590663909912e-01,5.961788296699523926e-01
4.900828897953033447e-01,6.233660578727722168e-01
2.951943576335906982e-01,4.843405783176422119e-01
5.393218994140625000e-01,7.982112169265747070e-01
7.828363180160522461e-01,4.187554121017456055e-01
4.498913884162902832e-01,6.858997941017150879e-01
7.337941229343414307e-02,-1.736787110567092896e-01
6.566312313079833984e-01,6.034727096557617188e-01
6.223718523979187012e-01,-2.613149881362915039e-01
4.859899878501892090e-01,8.123053312301635742e-01
7.365511059761047363e-01,6.663311719894409180e-01
-3.529366478323936462e-02,-6.748812273144721985e-03
-3.582239151000976562e-05,1.738680452108383179e-01
7.815953493118286133e-01,4.747287929058074951e-01
3.329868614673614502e-01,5.788166522979736328e-01
6.648554205894470215e-01,1.304555386304855347e-01
6.518073678016662598e-01,2.162629812955856323e-01
-4.134395718574523926e-01,6.952144503593444824e-01
5.699118375778198242e-01,7.808152437210083008e-01
6.754738092422485352e-01,-4.337668120861053467e-01
-1.901821345090866089e-01,-1.070689857006072998e-01
4.869762659072875977e-01,7.276446819305419922e-01
7.077600359916687012e-01,3.259138762950897217e-01
6.738855838775634766e-01,4.496404230594635010e-01
3.591712713241577148e-01,6.273093819618225098e-01
-8.827269077301025391e-02,1.668874174356460571e-01
-3.928319811820983887e-01,-5.093950033187866211e-01
6.862331032752990723e-01,5.517521500587463379e-01
4.834974706172943115e-01,7.203328013420104980e-01
6.816474795341491699e-01,6.571413278579711914e-01
5.849257111549377441e-01,-3.592685163021087646e-01
5.069251060485839844e-01,8.372358679771423340e-01
4.709439575672149658e-01,8.222978115081787109e-01
4.948848187923431396e-01,2.032132819294929504e-02
7.607163190841674805e-01,7.284870147705078125e-01
4.351881742477416992e-01,6.359022259712219238e-01
5.087819099426269531e-01,6.927668452262878418e-01
6.480900645256042480e-01,4.169957041740417480e-01
-6.707504391670227051e-02,-4.502611607313156128e-02
5.029948353767395020e-01,4.049623012542724609e-02
6.450153589248657227e-01,6.177418231964111328e-01
2.657009959220886230e-01,5.125045776367187500e-01
4.763315320014953613e-01,8.094657659530639648e-01
-8.522318303585052490e-02,-7.731294035911560059e-01
5.369496345520019531e-01,7.688072323799133301e-01
3.789488077163696289e-01,6.219212412834167480e-01
5.093600749969482422e-01,5.523681044578552246e-01
2.598771750926971436e-01,4.846853613853454590e-01
5.454058051109313965e-01,-6.479907631874084473e-01
4.611971974372863770e-01,7.233763337135314941e-01
4.462652504444122314e-01,7.426136732101440430e-01
1.727874726057052612e-01,4.476859420537948608e-02
5.695872306823730469e-01,6.782554388046264648e-01
4.102994799613952637e-01,2.981936186552047729e-02
5.106304883956909180e-01,1.182621717453002930e-02
7.381739616394042969e-01,4.873431622982025146e-01
4.673038125038146973e-01,6.889933347702026367e-01
7.730019092559814453e-01,6.589142084121704102e-01
3.592053651809692383e-01,6.360862255096435547e-01
8.024045825004577637e-01,4.593451619148254395e-01
3.859595581889152527e-02,2.508683800697326660e-01
3.229660987854003906e-01,1.020069420337677002e-01
4.489763975143432617e-01,-6.549268960952758789e-01
-1.018862575292587280e-01,-1.618252880871295929e-02
5.014683008193969727e-01,6.859443783760070801e-01
4.767324328422546387e-01,7.958692312240600586e-01
7.342281341552734375e-01,3.677273690700531006e-01
6.544209718704223633e-01,6.152585744857788086e-01
3.119475841522216797e-01,6.122791171073913574e-01
1.013692021369934082e-01,-1.054677814245223999e-01
5.364472866058349609e-01,1.960662901401519775e-01
5.520421862602233887e-01,8.719303607940673828e-01
5.359792113304138184e-01,8.736795783042907715e-01
3.272148966789245605e-01,6.155325174331665039e-01
5.842316746711730957e-01,2.625207304954528809e-01
6.219677329063415527e-01,2.039487361907958984e-01
-2.540940642356872559e-01,-2.889393456280231476e-02
-2.631720304489135742e-01,-3.878019750118255615e-01
7.119224071502685547e-01,6.193643808364868164e-01
5.009759664535522461e-01,-5.329481959342956543e-01
2.041358798742294312e-01,7.061500102281570435e-02
4.463980793952941895e-01,5.969322323799133301e-01
1.278378069400787354e-01,4.942364245653152466e-02
5.051767826080322266e-01,5.581505298614501953e-01
4.852426350116729736e-01,-1.242143101990222931e-02
9.125322848558425903e-02,1.554391086101531982e-01
2.345995008945465088e-01,5.427505970001220703e-01
2.453674674034118652e-01,5.855056643486022949e-01
-2.997983694076538086e-01,-1.761337742209434509e-02
6.089794635772705078e-01,-5.513602495193481445e-01
4.288584291934967041e-01,7.546686530113220215e-01
5.955925583839416504e-01,2.577657401561737061e-01
6.970854401588439941e-01,6.152245402336120605e-01
5.994230508804321289e-01,2.301577180624008179e-01
1.386977136135101318e-01,1.597432885318994522e-03
4.625934660434722900e-01,5.467792749404907227e-01
6.569664925336837769e-02,1.289174705743789673e-01
3.885508775711059570e-01,5.963962674140930176e-01
2.893146574497222900e-01,6.026339530944824219e-01
2.129002958536148071e-01,4.553064405918121338e-01
4.535013437271118164e-01,7.189881801605224609e-01
-1.171887964010238647e-01,-8.533702492713928223e-01
2.940749824047088623e-01,6.114800572395324707e-01
5.896363258361816406e-01,2.288154810667037964e-01
7.406179308891296387e-01,6.536822319030761719e-01
6.508407592773437500e-01,-5.552940368652343750e-01
3.965152800083160400e-02,9.061252698302268982e-03
6.564847826957702637e-01,6.205855011940002441e-01
2.392884194850921631e-01,5.580269098281860352e-01
3.369293808937072754e-01,6.004000306129455566e-01
2.750434875488281250e-01,6.017299890518188477e-01
3.129355013370513916e-01,6.127719879150390625e-01
6.309304237365722656e-01,4.523201584815979004e-01
-1.347934305667877197e-01,-7.346826791763305664e-01
-3.938162699341773987e-03,1.642410010099411011e-01
3.109593689441680908e-01,5.988245606422424316e-01
7.184444069862365723e-01,6.596873402595520020e-01
-2.705267071723937988e-01,-1.749222353100776672e-02
4.434298574924468994e-01,6.604888476431369781e-03
4.758949875831604004e-01,7.358568906784057617e-01
4.847682118415832520e-01,7.391060590744018555e-01
4.593679606914520264e-01,7.468271255493164062e-02
2.644186019897460938e-01,6.237074136734008789e-01
4.684311449527740479e-01,8.332146406173706055e-01
6.767053008079528809e-01,4.317975044250488281e-01
-1.781215369701385498e-01,-6.004431843757629395e-02
6.834022402763366699e-01,5.379743576049804688e-01
-3.004974126815795898e-01,-4.178223609924316406e-01
-1.140659749507904053e-01,1.251397579908370972e-01
5.538935065269470215e-01,8.037496805191040039e-01
5.263996124267578125e-01,-4.675920903682708740e-01
3.727601468563079834e-01,6.149762272834777832e-01
4.558510780334472656e-01,4.450394213199615479e-02
4.933352768421173096e-01,3.633471429347991943e-01
7.229047268629074097e-02,-1.952887140214443207e-02
3.692167103290557861e-01,6.867520809173583984e-01
7.944259643554687500e-01,4.173161685466766357e-01
3.670883774757385254e-01,6.117864251136779785e-01
4.198582172393798828e-01,5.784946084022521973e-01
2.839492447674274445e-02,2.216226756572723389e-01
8.709303289651870728e-02,1.475592143833637238e-02
7.064173817634582520e-01,6.346588134765625000e-01
7.822132706642150879e-01,7.017034292221069336e-01
4.587446749210357666e-01,7.237393260002136230e-01
5.022100806236267090e-01,7.745606899261474609e-01
5.715915560722351074e-01,-4.808693528175354004e-01
4.040635749697685242e-02,2.382420450448989868e-01
2.924621999263763428e-01,6.076744794845581055e-01
1.170238852500915527e-01,3.793355543166399002e-03
5.476454496383666992e-01,-4.708377718925476074e-01
7.056449055671691895e-01,6.234533786773681641e-01
6.548617482185363770e-01,5.389560461044311523e-01
5.544019341468811035e-01,2.006269097328186035e-01
-2.263904660940170288e-01,-4.695745408535003662e-01
5.611184239387512207e-01,2.523212432861328125e-01
-3.114305436611175537e-01,-3.614239394664764404e-01
-3.097830712795257568e-01,-7.690510153770446777e-02
5.432326197624206543e-01,1.866932213306427002e-01
1.436279267072677612e-01,3.277261555194854736e-02
1.514335721731185913e-01,3.123609535396099091e-02
5.841499567031860352e-01,2.290024608373641968e-01
5.252655744552612305e-01,8.565205335617065430e-01
5.753346681594848633e-01,2.292950451374053955e-01
7.072907090187072754e-01,6.513274312019348145e-01
7.249809503555297852e-01,3.708363473415374756e-01
7.546773552894592285e-02,-6.958423256874084473e-01
1.882064789533615112e-01,2.338529936969280243e-02
-3.288052380084991455e-01,-5.122704505920410156e-01
6.528626680374145508e-01,-3.343780040740966797e-01
4.293514490127563477e-01,4.284310340881347656e-02
6.517126560211181641e-01,5.803192257881164551e-01
6.883714795112609863e-01,6.038116812705993652e-01
2.693795859813690186e-01,4.879888594150543213e-01
-1.424579769372940063e-01,1.070118024945259094e-01
4.568544626235961914e-01,7.098984122276306152e-01
2.035278081893920898e-01,7.168897986412048340e-02
2.863999605178833008e-01,4.949325025081634521e-01
4.081210792064666748e-01,2.840096130967140198e-02
1.904683262109756470e-01,7.126272469758987427e-02
4.719293117523193359e-01,7.211917638778686523e-01
2.904300689697265625e-01,5.470396280288696289e-01
5.693637728691101074e-01,2.119657695293426514e-01
-3.796087577939033508e-02,1.929116696119308472e-01
3.441698551177978516e-01,-6.682857871055603027e-01
5.603470206260681152e-01,-3.990618884563446045e-01
6.598177552223205566e-01,4.456351697444915771e-01
-4.242641329765319824e-01,-4.746242165565490723e-01
2.870515882968902588e-01,6.090803742408752441e-01
3.742294609546661377e-01,6.696273684501647949e-01
2.662691771984100342e-01,4.937180280685424805e-01
6.381521821022033691e-01,2.160428911447525024e-01
6.983079761266708374e-02,-7.737415432929992676e-01
6.117054224014282227e-01,5.768634080886840820e-01
5.023251771926879883e-01,-6.662382483482360840e-01
4.255658686161041260e-01,3.502390682697296143e-01
-4.403400048613548279e-02,1.639256179332733154e-01
5.625946521759033203e-01,1.720673441886901855e-01
2.717226445674896240e-01,-6.804127097129821777e-01
4.409260749816894531e-01,6.443959474563598633e-01
4.713945090770721436e-01,8.485232591629028320e-01
6.488059163093566895e-01,5.871301293373107910e-01
6.326931118965148926e-01,5.374760627746582031e-01
6.295544505119323730e-01,-5.381347537040710449e-01
7.959861159324645996e-01,3.407843708992004395e-01
5.133677124977111816e-01,7.876058816909790039e-01
7.235041260719299316e-01,3.891237080097198486e-01
7.091886997222900391e-01,3.960529565811157227e-01
6.929126977920532227e-01,4.489678740501403809e-01
6.780447959899902344e-01,5.458621382713317871e-01
5.005241632461547852e-01,3.914404511451721191e-01
1.939608603715896606e-01,5.371780395507812500e-01
2.329428046941757202e-01,5.186057686805725098e-01
3.037130534648895264e-01,6.349905133247375488e-01
1.798928827047348022e-01,1.832407116889953613e-01
3.856576383113861084e-01,-6.023291349411010742e-01
5.088524222373962402e-01,8.296743035316467285e-01
4.818034768104553223e-01,7.072316408157348633e-01
5.595582127571105957e-01,2.194070518016815186e-01
6.284356117248535156e-01,1.811287105083465576e-01
2.796909511089324951e-01,5.696203708648681641e-01
1.352588273584842682e-02,2.274939566850662231e-01
4.951416254043579102e-01,7.159322500228881836e-01
4.715096056461334229e-01,7.211546897888183594e-01
6.884956359863281250e-01,6.375961303710937500e-01
-2.778499424457550049e-01,-4.399478435516357422e-02
6.323180198669433594e-01,1.908854544162750244e-01
6.503460407257080078e-01,6.057502627372741699e-01
6.374049186706542969e-01,5.225118398666381836e-01
5.042423605918884277e-01,2.410465031862258911e-01
-4.237388670444488525e-01,-4.709289669990539551e-01
6.692994832992553711e-01,6.471596360206604004e-01
5.373730659484863281e-01,8.173369169235229492e-01
5.165981650352478027e-01,-4.516541212797164917e-02
7.290775775909423828e-01,6.228078007698059082e-01
-1.962603442370891571e-02,1.432347893714904785e-01
6.699690222740173340e-01,5.175282955169677734e-01
6.491275429725646973e-01,6.599443554878234863e-01
6.840531229972839355e-01,4.317808151245117188e-01
2.867113351821899414e-01,4.944683313369750977e-01
4.656687080860137939e-01,4.058393239974975586e-01
5.622318983078002930e-01,8.385103344917297363e-01
6.439013481140136719e-01,4.494822919368743896e-01
6.642876267433166504e-01,5.186774730682373047e-01
5.477344393730163574e-01,-2.983607649803161621e-01
2.393709421157836914e-01,5.592713356018066406e-01
3.589968979358673096e-01,5.786675810813903809e-01
4.913858771324157715e-01,2.502158842980861664e-02
-1.828197389841079712e-01,-4.461031779646873474e-02
-2.382414601743221283e-02,-4.544848948717117310e-02
4.388271272182464600e-01,7.169167995452880859e-01
2.920495867729187012e-01,5.962326526641845703e-01
-3.171700537204742432e-01,-5.233994126319885254e-01
4.742609858512878418e-01,9.349764883518218994e-02
5.522590279579162598e-01,-2.696355283260345459e-01
7.512392997741699219e-01,6.779198646545410156e-01
-7.030579727143049240e-03,2.349229604005813599e-01
4.300865232944488525e-01,1.803016960620880127e-01
4.932724833488464355e-01,8.758381605148315430e-01
7.280410528182983398e-01,5.145541429519653320e-01
2.590227127075195312e-01,5.389422774314880371e-01
-1.854020357131958008e-01,-4.466510191559791565e-02
6.219480037689208984e-01,5.944879055023193359e-01
3.150397539138793945e-01,6.939072608947753906e-01
-1.228306535631418228e-02,1.885136067867279053e-01
-2.917400002479553223e-01,-1.862939260900020599e-02
1.480437368154525757e-01,3.077507950365543365e-02
8.606232702732086182e-02,-3.747604042291641235e-02
5.303047299385070801e-01,8.100075721740722656e-01
6.237735748291015625e-01,1.109285801649093628e-01
6.298436522483825684e-01,5.757032036781311035e-01
4.992709755897521973e-01,5.887507796287536621e-01
4.762136638164520264e-01,4.514179751276969910e-02
7.038539052009582520e-01,5.096395015716552734e-01
3.787323534488677979e-01,7.058651447296142578e-01
6.725175380706787109e-01,6.855723857879638672e-01
7.428582906723022461e-01,4.271753430366516113e-01
7.339713573455810547e-01,6.989360451698303223e-01
4.815478622913360596e-01,-4.329665005207061768e-01
5.603743791580200195e-01,8.266406655311584473e-01
2.912382781505584717e-01,-6.292861104011535645e-01
6.714242696762084961e-01,6.887995004653930664e-01
3.282415866851806641e-01,6.124457120895385742e-01
7.021397948265075684e-01,6.653761267662048340e-01
4.345042705535888672e-01,-3.353226184844970703e-02
7.827233076095581055e-01,4.950034916400909424e-01
-2.865418791770935059e-01,-4.939030706882476807e-01
3.377914726734161377e-01,6.279075741767883301e-01
4.721111059188842773e-01,3.734708949923515320e-02
3.002554178237915039e-01,3.523349994793534279e-03
6.905646920204162598e-01,3.298891782760620117e-01
6.887949705123901367e-01,5.902748107910156250e-01
4.849782213568687439e-02,6.672327872365713120e-03
2.759477794170379639e-01,5.712814331054687500e-01
7.164384126663208008e-01,4.467786252498626709e-01
6.381768584251403809e-01,3.662440180778503418e-01
5.307703614234924316e-01,8.351694345474243164e-01
5.742856860160827637e-01,8.310847282409667969e-01
4.893593788146972656e-01,5.998109579086303711e-01
2.865262329578399658e-01,5.108795166015625000e-01
-1.376437675207853317e-02,2.108619213104248047e-01
6.628901362419128418e-01,6.671875715255737305e-01
-2.256732285022735596e-01,-1.118465792387723923e-03
2.521214187145233154e-01,5.910850763320922852e-01
7.461770772933959961e-01,6.132183074951171875e-01
2.109883129596710205e-01,9.185446053743362427e-02
4.357139468193054199e-01,6.972938776016235352e-01
-4.088686108589172363e-01,-3.687037229537963867e-01
5.134232044219970703e-01,8.240425586700439453e-01
5.105305314064025879e-01,8.174713850021362305e-01
5.778250694274902344e-01,-4.021250903606414795e-01
1.084692999720573425e-01,2.491804659366607666e-01
-1.738403439521789551e-01,-1.268865633755922318e-02
3.349771797657012939e-01,6.242713332176208496e-01
7.648450732231140137e-01,7.322582006454467773e-01
3.504855036735534668e-01,6.229937672615051270e-01
2.890031337738037109e-01,5.547565221786499023e-01
1.456567198038101196e-01,7.348509505391120911e-03
5.139499306678771973e-01,7.881829738616943359e-01
4.483758807182312012e-01,3.865688294172286987e-02
6.399953961372375488e-01,-4.147851169109344482e-01
6.979593634605407715e-01,6.370680928230285645e-01
5.624479055404663086e-01,4.658726751804351807e-01
-1.277933567762374878e-01,1.535684466361999512e-01
5.672478675842285156e-01,2.342111766338348389e-01
6.806108355522155762e-01,4.108005464076995850e-01
6.114812493324279785e-01,-4.454684853553771973e-01
1.207807585597038269e-01,2.277492135763168335e-01
7.108849287033081055e-01,6.773740649223327637e-01
6.450478434562683105e-01,5.947279334068298340e-01
3.384357094764709473e-01,6.258203387260437012e-01
3.281821906566619873e-01,6.377298235893249512e-01
3.216923773288726807e-01,6.919273734092712402e-01
2.216470539569854736e-01,4.895388185977935791e-01
4.714825749397277832e-01,6.913743019104003906e-01
8.037008643150329590e-01,7.304549217224121094e-01
4.451663196086883545e-01,-6.462515592575073242e-01
6.969310045242309570e-01,6.072002053260803223e-01
5.425187945365905762e-01,8.338585495948791504e-01
6.952209472656250000e-01,3.678845763206481934e-01
7.018092870712280273e-01,6.620501875877380371e-01
4.542128443717956543e-01,5.850114822387695312e-01
6.072503924369812012e-01,4.561333656311035156e-01
5.725813508033752441e-01,2.344810664653778076e-01
-7.078908085823059082e-01,-7.662765383720397949e-01
6.316120028495788574e-01,5.633419752120971680e-01
4.533388614654541016e-01,7.017034888267517090e-01
7.896519899368286133e-01,7.268171906471252441e-01
6.810262203216552734e-01,5.930414199829101562e-01
4.745863378047943115e-01,7.253165245056152344e-01
-4.976772069931030273e-01,-4.931137263774871826e-01
6.917218565940856934e-01,4.480685889720916748e-01
6.907753348350524902e-01,3.059884905815124512e-01
2.686009407043457031e-01,4.915504753589630127e-01
5.818267464637756348e-01,1.993757486343383789e-01
7.031764984130859375e-01,5.424098968505859375e-01
-2.468109577894210815e-01,5.329186096787452698e-03
7.387373447418212891e-01,3.607826530933380127e-01
7.856854796409606934e-01,4.668433368206024170e-01
3.207069337368011475e-01,6.376497149467468262e-01
4.612836539745330811e-01,5.874727964401245117e-01
5.062587857246398926e-01,6.415482759475708008e-01
5.501722097396850586e-01,8.144782185554504395e-01
4.664668738842010498e-01,8.579548001289367676e-01
5.163753032684326172e-01,6.965222358703613281e-01
-4.539332985877990723e-01,-4.828662872314453125e-01
3.891290426254272461e-01,6.328209638595581055e-01
9.572474658489227295e-02,1.604611612856388092e-02
5.517506599426269531e-01,6.673027873039245605e-01
6.656018495559692383e-01,6.034198999404907227e-01
-2.639243006706237793e-01,-2.705731615424156189e-02
3.584854006767272949e-01,6.155202388763427734e-01
4.618576467037200928e-01,5.825575590133666992e-01
5.305968523025512695e-01,1.170369386672973633e-01
5.898603796958923340e-01,-3.451654911041259766e-01
6.408531069755554199e-01,4.871449768543243408e-01
7.466096878051757812e-01,3.788385391235351562e-01
2.659575045108795166e-01,5.215603113174438477e-01
5.567159652709960938e-01,-2.836230397224426270e-01
5.500471591949462891e-01,8.177797794342041016e-01
5.616877079010009766e-01,1.080341935157775879e-01
-2.342848777770996094e-01,-5.525263771414756775e-02
6.522974371910095215e-01,5.045478343963623047e-01
2.278669029474258423e-01,4.933369457721710205e-01
-2.743057906627655029e-01,-1.044600456953048706e-02
3.016915321350097656e-01,5.731701254844665527e-01
1.051152497529983521e-01,2.427206933498382568e-02
4.662927687168121338e-01,1.935822702944278717e-02
1.431995034217834473e-01,2.407439053058624268e-01
1.310604810714721680e-01,-1.648969501256942749e-01
1.978701651096343994e-01,4.614852368831634521e-01
5.000926256179809570e-01,8.405854105949401855e-01
7.329106330871582031e-01,3.288913071155548096e-01
4.798934161663055420e-01,7.072715759277343750e-01
-4.514108300209045410e-01,6.129726171493530273e-01
6.190709024667739868e-02,-7.362115979194641113e-01
-1.601269245147705078e-01,1.721948236227035522e-01
2.712406218051910400e-01,6.329004168510437012e-01
6.590989232063293457e-01,6.241022348403930664e-01
6.777974963188171387e-01,4.398203194141387939e-01
4.530959725379943848e-01,5.456038191914558411e-02
6.666755676269531250e-01,6.245347857475280762e-01
5.053180456161499023e-01,8.322845697402954102e-01
2.894818782806396484e-01,6.030725836753845215e-01
-9.720827639102935791e-02,-6.744283437728881836e-02
-4.667233210057020187e-03,-7.863281369209289551e-01
7.052100300788879395e-01,2.977609932422637939e-01
6.629946827888488770e-01,5.593208670616149902e-01
2.175067067146301270e-01,4.582945108413696289e-01
6.379511952400207520e-01,4.814833104610443115e-01
6.865948438644409180e-01,5.332205891609191895e-01
4.948719739913940430e-01,8.219371438026428223e-01
6.378159523010253906e-01,6.092215180397033691e-01
6.636277437210083008e-01,4.871690869331359863e-01
-3.735556900501251221e-01,-4.647708237171173096e-01
2.797432541847229004e-01,6.223629117012023926e-01
5.507636666297912598e-01,8.785351514816284180e-01
6.456898450851440430e-01,5.081804990768432617e-01
4.932676255702972412e-01,8.245373964309692383e-01
3.042106628417968750e-01,6.430292725563049316e-01
2.496220618486404419e-01,5.155228376388549805e-01
6.910762190818786621e-01,6.497748494148254395e-01
6.616260409355163574e-01,6.117936968803405762e-01
2.809248268604278564e-01,6.339571475982666016e-01
4.863539934158325195e-01,7.116845846176147461e-01
1.084575951099395752e-01,3.573131188750267029e-02
7.299885749816894531e-01,6.875847578048706055e-01
7.758967280387878418e-01,4.463318884372711182e-01
7.016018778085708618e-02,2.502401173114776611e-01
3.168163001537322998e-01,6.138577461242675781e-01
7.018623948097229004e-01,6.622123122215270996e-01
5.449328422546386719e-01,7.935374379158020020e-01
2.723181545734405518e-01,6.623690128326416016e-01
5.547925233840942383e-01,2.160622626543045044e-01
6.811901330947875977e-01,5.854201912879943848e-01
4.946532547473907471e-01,6.971626877784729004e-01
5.138096809387207031e-01,6.484274268150329590e-01
7.160032987594604492e-01,6.067211031913757324e-01
2.470671832561492920e-01,5.595278739929199219e-01
3.151780068874359131e-01,5.211980342864990234e-01
5.670281052589416504e-01,-5.988258719444274902e-01
7.393801808357238770e-01,6.928735971450805664e-01
-3.469652831554412842e-01,-1.734769716858863831e-02
4.755284190177917480e-01,3.940567672252655029e-01
5.875318646430969238e-01,1.600091606378555298e-01
8.892711997032165527e-02,2.638036608695983887e-01
6.524871587753295898e-01,-4.532870650291442871e-01
3.502484261989593506e-01,5.688221454620361328e-01
5.241706967353820801e-01,-6.611571311950683594e-01
3.482756912708282471e-01,6.374430656433105469e-01
1.244546696543693542e-01,4.802465066313743591e-02
2.866029441356658936e-01,5.694997906684875488e-01
3.651948571205139160e-01,6.573265194892883301e-01
6.339361071586608887e-01,4.155909717082977295e-01
-1.497406214475631714e-01,-4.554602131247520447e-02
6.621823310852050781e-01,6.195594072341918945e-01
8.934326469898223877e-02,2.811618149280548096e-03
5.053558945655822754e-01,6.636553406715393066e-01
3.935158252716064453e-01,6.402828693389892578e-01
6.225259900093078613e-01,2.503527998924255371e-01
3.291125893592834473e-01,6.628835797309875488e-01
6.539038419723510742e-01,2.270577102899551392e-01
6.634055376052856445e-01,4.404582679271697998e-01
4.762130677700042725e-01,7.250528782606124878e-02
4.612997174263000488e-01,7.942260503768920898e-01
6.597356796264648438e-01,4.240423142910003662e-01
7.135301828384399414e-01,6.550155282020568848e-01
-1.671784222126007080e-01,-4.166450351476669312e-02
6.691295504570007324e-01,5.259095430374145508e-01
4.040636122226715088e-01,4.980192184448242188e-01
4.930441677570343018e-01,7.903887033462524414e-01
4.264236986637115479e-01,6.575969457626342773e-01
4.712400138378143311e-01,7.074278593063354492e-01
5.899121165275573730e-01,8.421300053596496582e-01
7.167173027992248535e-01,5.082992911338806152e-01
7.239536046981811523e-01,3.639220297336578369e-01
4.680464044213294983e-02,1.992229223251342773e-01
6.900724172592163086e-01,5.286225676536560059e-01
6.182754039764404297e-01,-5.841602683067321777e-01
5.807729363441467285e-01,1.749759465456008911e-01
4.066039919853210449e-01,7.390393018722534180e-01
2.484335303306579590e-01,5.601651668548583984e-01
6.639600992202758789e-01,6.115863323211669922e-01
5.956773161888122559e-01,2.210900783538818359e-01
-3.207274675369262695e-01,-7.857829332351684570e-02
5.953814983367919922e-01,2.508468925952911377e-01
5.072964429855346680e-01,6.817054748535156250e-01
2.617714703083038330e-01,5.855088829994201660e-01
6.783130764961242676e-01,3.920885324478149414e-01
7.420450448989868164e-01,6.719231605529785156e-01
8.028506040573120117e-01,5.057054758071899414e-01
5.360581278800964355e-01,8.133578300476074219e-01
5.707559585571289062e-01,2.686423361301422119e-01
5.616862326860427856e-02,2.101957052946090698e-01
2.793942093849182129e-01,5.036032795906066895e-01
5.679859519004821777e-01,-4.105292558670043945e-01
7.669420838356018066e-01,3.454818725585937500e-01
7.747706174850463867e-01,5.976784229278564453e-01
7.052732706069946289e-01,6.479879617691040039e-01
3.008437156677246094e-01,1.069036722183227539e-01
-3.429639339447021484e-01,-4.706345498561859131e-01
3.238014280796051025e-01,6.792279481887817383e-01
6.075553894042968750e-01,6.190645694732666016e-01
-3.833871483802795410e-01,-4.597332477569580078e-01
5.677111148834228516e-01,2.430246323347091675e-01
1.150778383016586304e-01,1.787969470024108887e-01
1.414478104561567307e-02,-6.068007647991180420e-02
-2.363251000642776489e-01,-4.719294235110282898e-02
6.808950901031494141e-01,6.287308931350708008e-01
2.992491126060485840e-01,4.965738058090209961e-01
4.653812944889068604e-01,7.126457691192626953e-01
5.278439521789550781e-01,2.378194630146026611e-01
4.011152982711791992e-01,8.886791020631790161e-02
4.042998850345611572e-01,3.183583542704582214e-02
7.197108864784240723e-01,4.819417297840118408e-01
5.177791118621826172e-01,8.281546831130981445e-01
5.074411630630493164e-01,5.056229233741760254e-01
-1.582174003124237061e-01,-4.560694471001625061e-02
4.075714349746704102e-01,6.637141704559326172e-01
5.759961009025573730e-01,1.667569875717163086e-01
2.539554238319396973e-01,6.075266003608703613e-01
4.574624896049499512e-01,6.550135016441345215e-01
1.033505499362945557e-01,4.618388134986162186e-03
4.977430403232574463e-01,8.182450532913208008e-01
7.958098053932189941e-01,7.400400042533874512e-01
4.987365305423736572e-01,6.968195438385009766e-01
4.656575024127960205e-01,8.009155988693237305e-01
6.482011675834655762e-01,-5.243341922760009766e-01
2.202395796775817871e-01,5.667256712913513184e-01
4.450293183326721191e-01,2.403775230050086975e-02
3.112015426158905029e-01,6.338302493095397949e-01
5.655350089073181152e-01,2.448526769876480103e-01
-4.089198540896177292e-03,1.572267562150955200e-01
7.786225676536560059e-01,4.880495667457580566e-01
6.327961087226867676e-01,3.741944730281829834e-01
7.205240726470947266e-01,5.949001312255859375e-01
2.729580104351043701e-01,6.100195050239562988e-01
-2.759582735598087311e-02,2.119386643171310425e-01
9.894851595163345337e-02,3.582289442420005798e-02
4.969936013221740723e-01,7.827433347702026367e-01
3.515565693378448486e-01,6.567372083663940430e-01
4.976021349430084229e-01,6.993290185928344727e-01
7.905207276344299316e-01,7.000786662101745605e-01
7.349223494529724121e-01,6.844310760498046875e-01
4.044830501079559326e-01,6.654090881347656250e-01
3.377723097801208496e-01,6.286002397537231445e-01
-2.920233309268951416e-01,6.475909613072872162e-03
5.234165191650390625e-01,-3.141296505928039551e-01
8.106959462165832520e-01,4.627519845962524414e-01
-1.453927457332611084e-01,9.478923678398132324e-02
6.704022288322448730e-01,6.075264811515808105e-01
4.940415918827056885e-01,5.287001132965087891e-01
-3.236475288867950439e-01,4.248071927577257156e-03
3.398091793060302734e-01,5.733611583709716797e-01
2.508940696716308594e-01,5.821918249130249023e-01
4.565118551254272461e-01,8.379233479499816895e-01
1.829835325479507446e-01,6.714247912168502808e-02
4.267110824584960938e-01,-5.128005146980285645e-01
1.371988058090209961e-01,1.351654157042503357e-02
6.238961815834045410e-01,5.590161085128784180e-01
-4.914511144161224365e-01,-4.833424091339111328e-01
2.746077477931976318e-01,5.792910456657409668e-01
5.848864912986755371e-01,1.939699053764343262e-01
7.277610301971435547e-01,5.231760144233703613e-01
5.304318666458129883e-01,8.747842311859130859e-01
-2.231536060571670532e-01,-4.535618796944618225e-02
5.626291632652282715e-01,1.784750819206237793e-01
5.503031015396118164e-01,6.647419333457946777e-01
6.794186830520629883e-01,6.838691234588623047e-01
1.575195491313934326e-01,2.238318510353565216e-02
2.176719456911087036e-01,4.531939029693603516e-01
6.544809937477111816e-01,6.240500807762145996e-01
3.439795374870300293e-01,6.443634629249572754e-01
6.879342198371887207e-01,5.915735363960266113e-01
6.508542895317077637e-01,3.593193292617797852e-01
2.535323202610015869e-01,-5.373310446739196777e-01
-6.309348344802856445e-02,-7.097301632165908813e-02
2.709444761276245117e-01,5.773521661758422852e-01
5.415791869163513184e-01,6.867663860321044922e-01
7.270036935806274414e-01,6.345431208610534668e-01
3.170836567878723145e-01,6.071215867996215820e-01
5.030942559242248535e-01,6.856307983398437500e-01
6.482759118080139160e-01,6.129758954048156738e-01
3.385063409805297852e-01,6.546269655227661133e-01
2.714480459690093994e-01,6.073504686355590820e-01
4.133574366569519043e-01,-4.721429646015167236e-01
-3.062679767608642578e-01,-1.817945577204227448e-02
4.648827910423278809e-01,7.120326161384582520e-01
6.730235219001770020e-01,6.449573040008544922e-01
4.824829399585723877e-01,3.724169731140136719e-01
-1.548715382814407349e-01,-3.731735795736312866e-02
5.358018279075622559e-01,2.289509773254394531e-01
2.593385577201843262e-01,7.466996461153030396e-02
-2.765619158744812012e-01,-3.485256806015968323e-02
-1.841811090707778931e-01,-4.716030508279800415e-02
5.021307468414306641e-01,-3.922483026981353760e-01
-3.980841487646102905e-02,7.523148087784647942e-04
-8.677387982606887817e-02,-5.425371974706649780e-02
6.733018159866333008e-01,6.241188049316406250e-01
7.040914297103881836e-01,6.456850767135620117e-01
6.376913189888000488e-01,5.176430344581604004e-01
8.210350275039672852e-01,4.290991723537445068e-01
3.860722780227661133e-01,-4.969758391380310059e-01
6.897373199462890625e-01,6.934307217597961426e-01
-2.659757435321807861e-01,-4.125078395009040833e-02
3.231705129146575928e-01,6.151397228240966797e-01
-1.133144572377204895e-01,-2.688665688037872314e-02
2.988179028034210205e-01,6.248666048049926758e-01
7.187460660934448242e-01,5.623034238815307617e-01
4.612251520156860352e-01,5.995911955833435059e-01
4.801518023014068604e-01,6.037896871566772461e-01
6.810181736946105957e-01,5.765895247459411621e-01
5.695762634277343750e-01,-2.992248237133026123e-01
6.710889339447021484e-01,5.561293363571166992e-01
6.849792599678039551e-01,6.285978555679321289e-01
5.757006406784057617e-01,6.581940650939941406e-01
4.236246943473815918e-01,-5.430601239204406738e-01
-1.071351841092109680e-01,1.151105090975761414e-01
1.214104797691106796e-02,1.895094215869903564e-01
5.092376470565795898e-01,7.055195569992065430e-01
5.757455825805664062e-01,-4.611180126667022705e-01
4.301445186138153076e-01,4.420736804604530334e-02
5.886268019676208496e-01,1.820528358221054077e-01
3.360881507396697998e-01,6.161046028137207031e-01
-3.593679368495941162e-01,-1.228295788168907166e-01
8.027354478836059570e-01,7.614781856536865234e-01
5.394876599311828613e-01,-2.957757115364074707e-01
7.804496288299560547e-01,4.104133248329162598e-01
7.036827206611633301e-01,4.051450192928314209e-01
-4.087526723742485046e-02,1.857325434684753418e-01
-1.554771959781646729e-01,1.420094221830368042e-01
3.199578225612640381e-01,6.484835743904113770e-01
7.136401534080505371e-01,5.986274480819702148e-01
-3.418672680854797363e-01,-5.222793817520141602e-01
3.493474125862121582e-01,6.346728801727294922e-01
6.471157670021057129e-01,4.728276431560516357e-01
4.905911684036254883e-01,6.786910295486450195e-01
3.655513226985931396e-01,6.924033761024475098e-01
-5.469508841633796692e-02,-6.935229301452636719e-01
5.009998679161071777e-01,8.224952220916748047e-01
-8.843757212162017822e-03,-2.481426596641540527e-01
2.988812029361724854e-01,6.150176525115966797e-01
-5.652106404304504395e-01,7.337284088134765625e-01
2.888140082359313965e-01,5.045943856239318848e-01
6.579728126525878906e-01,4.656866490840911865e-01
6.661164760589599609e-01,5.564910173416137695e-01
5.507879853248596191e-01,8.139575123786926270e-01
6.405959129333496094e-01,3.187436461448669434e-01
6.274375915527343750e-01,6.428973674774169922e-01
4.414953887462615967e-01,5.797836184501647949e-01
4.589210748672485352e-01,1.821759641170501709e-01
3.710670471191406250e-01,6.099971532821655273e-01
2.578932344913482666e-01,4.822001457214355469e-01
7.275695204734802246e-01,7.193288803100585938e-01
4.692522883415222168e-01,2.975656464695930481e-02
5.329281091690063477e-01,8.551706075668334961e-01
4.154924452304840088e-01,6.735374331474304199e-01
5.457252860069274902e-01,-4.124966263771057129e-01
7.305904030799865723e-01,6.239827871322631836e-01
-1.434963345527648926e-01,1.460638344287872314e-01
5.251500010490417480e-01,-3.452608287334442139e-01
1.485968828201293945e-01,2.539337612688541412e-02
9.792311489582061768e-02,2.063586413860321045e-01
7.011747360229492188e-01,6.301210522651672363e-01
-3.761481046676635742e-01,-4.091931879520416260e-01
5.464549064636230469e-01,6.178953647613525391e-01
3.050507605075836182e-01,5.879704952239990234e-01
5.131131410598754883e-01,7.896093130111694336e-01
-6.705001741647720337e-02,1.850466430187225342e-01
6.602853536605834961e-01,6.276419162750244141e-01
7.164914011955261230e-01,6.309292316436767578e-01
6.663482189178466797e-01,3.522139787673950195e-01
4.649817645549774170e-01,3.639521896839141846e-01
4.536753892898559570e-01,5.821699500083923340e-01
6.714837551116943359e-01,5.472794771194458008e-01
5.159874558448791504e-01,7.961256504058837891e-01
6.813178658485412598e-01,3.906097114086151123e-01
6.861536502838134766e-01,5.131649971008300781e-01
7.693781852722167969e-01,7.451625466346740723e-01
-1.272623687982559204e-01,-8.014060258865356445e-01
1.754631400108337402e-01,3.084734082221984863e-02
-2.325113862752914429e-01,-4.986582696437835693e-02
5.412469506263732910e-01,1.767572611570358276e-01
4.505709707736968994e-01,7.024866342544555664e-01
3.805712759494781494e-01,-5.878127217292785645e-01
6.686804443597793579e-02,1.910677105188369751e-01
6.368935704231262207e-01,4.459474384784698486e-01
6.428580284118652344e-01,-5.039083957672119141e-01
5.040872693061828613e-01,3.799789845943450928e-01
5.702073574066162109e-01,2.033755630254745483e-01
4.540989696979522705e-01,6.835988759994506836e-01
5.417242646217346191e-01,8.184444308280944824e-01
-9.466337412595748901e-02,1.858502030372619629e-01
6.313976049423217773e-01,5.471261739730834961e-01
6.782819628715515137e-01,4.217504858970642090e-01
1.344947963953018188e-01,1.852196007966995239e-01
1.303802579641342163e-01,3.775727376341819763e-02
4.419108629226684570e-01,5.368760228157043457e-01
2.538874447345733643e-01,5.061274766921997070e-01
5.561206936836242676e-01,-5.310127735137939453e-01
4.938566982746124268e-01,8.212375044822692871e-01
-1.633485406637191772e-02,1.711384057998657227e-01
2.701918482780456543e-01,5.187169909477233887e-01
-1.059927195310592651e-01,-7.598830014467239380e-02
6.830298155546188354e-02,2.456242144107818604e-01
3.154000043869018555e-01,6.374922394752502441e-01
7.781311273574829102e-01,4.649373590946197510e-01
4.769018590450286865e-01,7.791866064071655273e-01
3.843312859535217285e-01,5.925538539886474609e-01
5.852001905441284180e-01,1.634666025638580322e-01
3.310755193233489990e-01,6.414138078689575195e-01
4.968450367450714111e-01,3.575834035873413086e-01
4.930667877197265625e-01,6.882357597351074219e-01
5.923380609601736069e-03,1.763733625411987305e-01
5.456870198249816895e-01,2.701391279697418213e-01
-1.609692424535751343e-01,-3.134768456220626831e-02
-4.765821397304534912e-01,6.766692996025085449e-01
5.774359703063964844e-01,2.069486975669860840e-01
3.183688521385192871e-01,5.971394181251525879e-01
5.063183903694152832e-01,6.927908658981323242e-01
4.782353043556213379e-01,6.919441223144531250e-01
5.099413990974426270e-01,-4.601904749870300293e-01
-3.182872533798217773e-01,-7.735202554613351822e-03
5.156604647636413574e-01,5.082907676696777344e-01
-2.770682573318481445e-01,-4.972060397267341614e-02
4.570689797401428223e-01,7.339835762977600098e-01
4.695449471473693848e-01,8.371755480766296387e-01
3.568884432315826416e-01,5.957876443862915039e-01
1.609896272420883179e-01,4.519714973866939545e-03
5.020016431808471680e-01,6.370515823364257812e-01
1.174797862768173218e-01,2.545668482780456543e-01
4.599942266941070557e-01,7.268179059028625488e-01
5.344841480255126953e-01,8.363789916038513184e-01
1.915769726037979126e-01,4.426477104425430298e-02
4.869301021099090576e-01,7.926974296569824219e-01
-4.673748910427093506e-01,-4.791274070739746094e-01
6.793220639228820801e-01,4.720460772514343262e-01
4.694999754428863525e-01,8.311900496482849121e-01
4.225517511367797852e-01,-4.894545674324035645e-01
6.949176788330078125e-01,5.743743181228637695e-01
4.754097759723663330e-01,7.077323794364929199e-01
4.717467129230499268e-01,-4.955515265464782715e-01
-7.947098463773727417e-03,2.337002456188201904e-01
2.229515314102172852e-01,4.541493058204650879e-01
-3.092620372772216797e-01,-3.977224603295326233e-02
7.145661711692810059e-01,5.523200631141662598e-01
-4.777860268950462341e-02,-5.556581914424896240e-02
7.488621473312377930e-01,6.316615343093872070e-01
3.860890567302703857e-01,6.669692993164062500e-01
3.548007905483245850e-01,6.651423573493957520e-01
5.550092458724975586e-01,7.949072718620300293e-01
3.210467100143432617e-01,6.087247133255004883e-01
5.456794500350952148e-01,1.882916390895843506e-01
-3.551588952541351318e-02,1.637268066406250000e-01
6.552713513374328613e-01,5.323418378829956055e-01
3.275147676467895508e-01,6.183888912200927734e-01
4.174148142337799072e-01,-5.170167088508605957e-01
6.400977373123168945e-01,5.100257396697998047e-01
3.603201508522033691e-01,6.318261623382568359e-01
-1.860623508691787720e-01,-5.674341320991516113e-02
6.778288483619689941e-01,5.549422502517700195e-01
3.484053909778594971e-01,6.347988247871398926e-01
3.231086730957031250e-01,5.699068903923034668e-01
4.542914330959320068e-01,6.075372695922851562e-01
5.437254905700683594e-01,5.676631331443786621e-01
4.837275743484497070e-01,8.309794664382934570e-01
6.793169379234313965e-01,3.657862544059753418e-01
5.230972170829772949e-01,8.007135987281799316e-01
2.976342737674713135e-01,5.953649878501892090e-01
6.413613557815551758e-01,6.511353254318237305e-01
6.090196967124938965e-01,-4.158526062965393066e-01
4.701979756355285645e-01,-3.936230540275573730e-01
6.741422414779663086e-01,3.171941637992858887e-01
3.402580916881561279e-01,6.094031929969787598e-01
6.435051560401916504e-01,1.959977149963378906e-01
4.796611964702606201e-01,7.391413450241088867e-01
3.082208931446075439e-01,5.201469063758850098e-01
6.746091842651367188e-01,6.595757603645324707e-01
7.369017004966735840e-01,6.680607795715332031e-01
5.806253552436828613e-01,2.067672014236450195e-01
2.796360850334167480e-01,5.558611154556274414e-01
5.346091985702514648e-01,6.511532068252563477e-01
2.931061983108520508e-01,5.842650309205055237e-02
5.941106677055358887e-01,2.482313215732574463e-01
6.361720561981201172e-01,5.745524168014526367e-01
1.093838885426521301e-01,2.325085550546646118e-01
2.704496383666992188e-01,5.400294065475463867e-01
5.998540297150611877e-02,-1.366986632347106934e-01
5.408204793930053711e-01,6.860678791999816895e-01
3.386520445346832275e-01,6.287556290626525879e-01
4.102057218551635742e-01,7.534311413764953613e-01
6.674491167068481445e-01,5.445817112922668457e-01
4.787515997886657715e-01,8.042052984237670898e-01
5.672171711921691895e-01,-1.623968780040740967e-01
6.853188276290893555e-01,4.647977054119110107e-01
2.244866937398910522e-01,3.790226578712463379e-02
7.194433212280273438e-01,4.656528532505035400e-01
6.951017975807189941e-01,6.729986667633056641e-01
4.163381457328796387e-01,6.743537783622741699e-01
7.107619643211364746e-01,6.788210272789001465e-01
6.971837878227233887e-01,7.116362452507019043e-01
-3.888226747512817383e-01,-1.376519538462162018e-02
6.313946843147277832e-01,-3.619901239871978760e-01
7.937692403793334961e-01,4.059905707836151123e-01
-4.863805137574672699e-03,-2.636780962347984314e-02
-2.634852826595306396e-01,-1.252633333206176758e-02
4.955575466156005859e-01,7.234964370727539062e-01
2.441253811120986938e-01,5.458810329437255859e-01
5.538616776466369629e-01,8.525772094726562500e-01
5.097682476043701172e-01,8.795068264007568359e-01
1.852359920740127563e-01,4.695163369178771973e-01
5.990816354751586914e-01,1.704123765230178833e-01
7.523194551467895508e-01,5.271980762481689453e-01
4.878530502319335938e-01,6.521075963973999023e-01
5.837183594703674316e-01,2.364659607410430908e-01
1.070989742875099182e-01,1.806737482547760010e-02
4.650232493877410889e-01,7.763344049453735352e-01
7.093058228492736816e-01,5.525474548339843750e-01
4.305038973689079285e-02,-3.121078759431838989e-02
4.615330696105957031e-01,-6.253848224878311157e-02
3.817881643772125244e-02,2.104825079441070557e-01
6.843762397766113281e-01,2.975564002990722656e-01
5.587403178215026855e-01,8.046122193336486816e-01
7.003933787345886230e-01,5.361533761024475098e-01
2.500394582748413086e-01,-6.383942365646362305e-01
5.909978151321411133e-01,8.282896876335144043e-01
2.760187983512878418e-01,5.552616715431213379e-01
5.214769244194030762e-01,-5.764265656471252441e-01
6.730334758758544922e-01,3.702765703201293945e-01
4.996554553508758545e-01,8.466668128967285156e-01
6.245466470718383789e-01,-2.938283383846282959e-01
1.970146894454956055e-01,5.717789009213447571e-02
4.301188588142395020e-01,5.659109950065612793e-01
7.856562733650207520e-01,4.162147343158721924e-01
4.194710254669189453e-01,6.716976165771484375e-01
5.446165800094604492e-01,8.339177370071411133e-01
5.325965285301208496e-01,7.360898852348327637e-01
7.010120749473571777e-01,5.749703049659729004e-01
4.032419621944427490e-01,-8.849076926708221436e-03
-1.066018417477607727e-01,-7.395946234464645386e-02
4.195414483547210693e-01,-4.761818945407867432e-01
-3.128677904605865479e-01,-1.086163986474275589e-02
-3.567785918712615967e-01,-3.564913272857666016e-01
4.304700717329978943e-02,1.936193108558654785e-01
4.542814791202545166e-01,2.157721295952796936e-02
5.110108852386474609e-01,8.082270622253417969e-01
4.700470268726348877e-01,7.089421749114990234e-01
2.481332421302795410e-01,5.153657793998718262e-01
1.091441139578819275e-01,2.637889087200164795e-01
6.854612827301025391e-01,5.222588777542114258e-01
6.573964953422546387e-01,4.817678630352020264e-01
8.277419209480285645e-01,7.435381412506103516e-01
-2.049713395535945892e-02,-4.141062125563621521e-02
-2.081990428268909454e-02,1.404246240854263306e-01
6.439417004585266113e-01,6.378855109214782715e-01
1.137710437178611755e-01,-1.923448964953422546e-02
4.943568408489227295e-01,6.420055031776428223e-01
2.801165580749511719e-01,6.269207000732421875e-01
4.812808632850646973e-01,7.160028219223022461e-01
4.456995129585266113e-01,5.258861780166625977e-01
5.900110602378845215e-01,8.422574400901794434e-01
-3.803609609603881836e-01,-5.354884266853332520e-01
-2.481380291283130646e-02,1.549685299396514893e-01
3.860818594694137573e-02,2.396436035633087158e-02
2.763706147670745850e-01,4.832030832767486572e-01
6.326821446418762207e-01,5.486254692077636719e-01
6.577765345573425293e-01,5.558210015296936035e-01
-2.121857851743698120e-01,-8.275990374386310577e-03
1.825066655874252319e-01,-7.960487008094787598e-01
5.147713422775268555e-01,7.851431965827941895e-01
2.618517279624938965e-01,5.456586480140686035e-01
5.344001054763793945e-01,8.759848475456237793e-01
6.229631900787353516e-01,4.379084110260009766e-01
2.657180726528167725e-01,5.252067446708679199e-01
6.449306011199951172e-01,6.569299101829528809e-01
6.831881999969482422e-01,5.018484592437744141e-01
-2.539784014225006104e-01,-3.632000386714935303e-01
2.671064138412475586e-01,6.065349578857421875e-01
4.991810321807861328e-01,7.773425579071044922e-01
6.262077093124389648e-01,-3.957629501819610596e-01
6.982612609863281250e-01,3.559468686580657959e-01
5.176193714141845703e-01,8.156076073646545410e-01
2.545758187770843506e-01,6.062747836112976074e-01
6.623378396034240723e-01,6.005194187164306641e-01
3.693981766700744629e-01,5.503788590431213379e-01
3.454296886920928955e-01,6.826704144477844238e-01
5.151581764221191406e-01,6.409476995468139648e-01
-9.438046067953109741e-02,-2.643702179193496704e-02
5.676537752151489258e-01,8.359569907188415527e-01
5.243227481842041016e-01,-4.820512533187866211e-01
3.271648287773132324e-01,7.951258122920989990e-02
2.722058296203613281e-01,6.148062944412231445e-01
8.220497965812683105e-01,7.481839656829833984e-01
2.625007331371307373e-01,5.319853425025939941e-01
1.605049073696136475e-01,-5.493415594100952148e-01
6.101631522178649902e-01,-3.852157890796661377e-01
6.683878898620605469e-01,6.420214176177978516e-01
5.685287117958068848e-01,2.336379140615463257e-01
-7.333311252295970917e-03,-7.448634505271911621e-01
7.468672394752502441e-01,4.295910894870758057e-01
4.945022463798522949e-01,3.465740382671356201e-01
6.213427186012268066e-01,5.260237455368041992e-01
6.738008856773376465e-01,6.133525371551513672e-01
3.366237282752990723e-01,-6.536082029342651367e-01
-1.756583899259567261e-01,-1.515370793640613556e-02
-3.097987174987792969e-01,-4.106191992759704590e-01
5.243327617645263672e-01,3.946425616741180420e-01
5.473271012306213379e-01,-2.367115169763565063e-01
7.389171123504638672e-01,6.604079008102416992e-01
8.836270123720169067e-02,1.193718519061803818e-02
6.768741011619567871e-01,1.418899893760681152e-01
4.262537658214569092e-01,-4.772335290908813477e-01
-8.771457523107528687e-02,1.742150783538818359e-01
8.014123886823654175e-02,-1.406491920351982117e-02
-4.828477278351783752e-02,-3.122338056564331055e-01
-2.766280770301818848e-01,-5.758399143815040588e-02
-3.149902224540710449e-01,-2.866051793098449707e-01
4.673092067241668701e-01,7.239743471145629883e-01
6.112527847290039062e-01,1.803326308727264404e-01
2.360562235116958618e-01,6.012125611305236816e-01
6.929572224617004395e-01,6.136549711227416992e-01
8.057105541229248047e-01,4.763398766517639160e-01
6.676279306411743164e-01,4.502976834774017334e-01
4.545441269874572754e-01,7.130014300346374512e-01
6.190871000289916992e-01,5.353493690490722656e-01
5.844096541404724121e-01,-4.254890382289886475e-01
4.987110793590545654e-01,8.444951772689819336e-01
7.351362705230712891e-01,5.644506216049194336e-01
2.941348552703857422e-01,5.882917046546936035e-01
5.391115546226501465e-01,2.290999591350555420e-01
1.014857739210128784e-01,1.171796023845672607e-02
6.897442936897277832e-01,4.264179468154907227e-01
7.036486864089965820e-01,6.163001060485839844e-01
5.309517383575439453e-01,5.967097878456115723e-01
4.686350822448730469e-01,7.355043292045593262e-01
7.280694842338562012e-01,4.162246584892272949e-01
-7.868431508541107178e-02,-5.213105306029319763e-02
4.956504404544830322e-01,8.010085821151733398e-01
2.365650236606597900e-01,5.091738700866699219e-01
3.205760121345520020e-01,6.016290783882141113e-01
-3.748687356710433960e-02,2.088364511728286743e-01
7.331317067146301270e-01,6.747505664825439453e-01
-2.152106016874313354e-01,-4.069563448429107666e-01
1.359814852476119995e-01,1.949759013950824738e-02
5.415207743644714355e-01,8.061899542808532715e-01
1.589499711990356445e-01,5.552207306027412415e-02
6.533801555633544922e-02,2.214205451309680939e-02
7.099010944366455078e-01,4.320419430732727051e-01
5.578055977821350098e-01,6.808936595916748047e-01
4.757559597492218018e-01,6.977496147155761719e-01
4.848529696464538574e-01,8.394011259078979492e-01
4.789249002933502197e-01,7.081568241119384766e-01
3.966132998466491699e-01,6.596565246582031250e-01
7.364304065704345703e-01,6.071282029151916504e-01
2.748138010501861572e-01,6.105710268020629883e-01
6.465755105018615723e-01,5.460365414619445801e-01
6.979255080223083496e-01,6.337862014770507812e-01
3.399566560983657837e-02,6.372331990860402584e-04
7.219482660293579102e-01,6.665560007095336914e-01
5.829538702964782715e-01,-2.706602215766906738e-01
7.974223494529724121e-01,7.173714637756347656e-01
-1.665285825729370117e-01,-2.573489584028720856e-02
5.798188447952270508e-01,-5.106557607650756836e-01
5.124709010124206543e-01,6.823341846466064453e-01
5.146579146385192871e-01,7.939349412918090820e-01
6.684126853942871094e-01,4.044618010520935059e-01
5.944550633430480957e-01,1.430882662534713745e-01
-2.214930355548858643e-01,-7.242014259099960327e-02
4.274634420871734619e-01,-5.299212336540222168e-01
6.067751049995422363e-01,2.571572959423065186e-01
4.151938855648040771e-01,7.473519444465637207e-02
1.330295354127883911e-01,1.883803457021713257e-01
5.019382834434509277e-01,8.274807333946228027e-01
6.783141493797302246e-01,6.126632094383239746e-01
4.747674614191055298e-02,2.889789454638957977e-02
7.395308613777160645e-01,3.686108291149139404e-01
4.716987907886505127e-01,8.330854773521423340e-01
3.817356824874877930e-01,-5.471078753471374512e-01
1.731936931610107422e-01,5.347071960568428040e-02
7.055643796920776367e-01,5.225509405136108398e-01
-3.733463287353515625e-01,-5.240932703018188477e-01
6.511914730072021484e-01,5.378742814064025879e-01
5.156801342964172363e-01,8.512402176856994629e-01
7.124723196029663086e-01,4.438839852809906006e-01
4.171291291713714600e-01,6.706029921770095825e-02
-3.492910265922546387e-01,-6.995591521263122559e-02
3.920032978057861328e-01,-5.607961416244506836e-01
6.918472051620483398e-01,4.358611702919006348e-01
5.033911466598510742e-01,7.431948184967041016e-01
-4.119718372821807861e-01,-6.592120230197906494e-02
1.207175701856613159e-01,1.648209691047668457e-01
6.850691437721252441e-01,5.625014901161193848e-01
1.029652580618858337e-01,1.988229900598526001e-01
5.826782584190368652e-01,-4.101077616214752197e-01
-6.565968040376901627e-03,-7.848390936851501465e-01
6.869879364967346191e-01,4.471685886383056641e-01
9.106397628784179688e-02,2.521070241928100586e-01
-2.709426581859588623e-01,-4.689362049102783203e-01
6.997110247611999512e-01,6.211628317832946777e-01
-1.249278187751770020e-01,1.688922792673110962e-01
2.343577146530151367e-01,5.714009404182434082e-01
1.202704608440399170e-01,-6.568329334259033203e-01
4.468796551227569580e-01,3.374967277050018311e-01
2.888262867927551270e-01,5.548199415206909180e-01
-3.592384234070777893e-02,-8.895158767700195312e-01
3.109826147556304932e-01,6.266685724258422852e-01
5.018556118011474609e-01,8.479763865470886230e-01
9.725968539714813232e-02,6.004117056727409363e-02
2.810020148754119873e-01,5.828651189804077148e-01
5.839204192161560059e-01,-3.365696072578430176e-01
4.884687960147857666e-01,6.983782052993774414e-01
3.705061376094818115e-01,-4.918522387742996216e-02
7.573028206825256348e-01,4.654775261878967285e-01
7.066268324851989746e-01,5.351880192756652832e-01
6.857067942619323730e-01,7.061421275138854980e-01
-1.503616422414779663e-01,7.165145594626665115e-03
5.094915032386779785e-01,8.225501179695129395e-01
4.864909648895263672e-01,6.725090742111206055e-01
2.911933362483978271e-01,6.027631163597106934e-01
6.042545437812805176e-01,-4.457457065582275391e-01
6.823133230209350586e-01,2.937698662281036377e-01
4.559501409530639648e-01,6.843332052230834961e-01
7.110183238983154297e-01,3.151672184467315674e-01
8.080354928970336914e-01,4.854899048805236816e-01
3.439386785030364990e-01,5.926915407180786133e-01
6.286649107933044434e-01,4.033836722373962402e-01
7.001079320907592773e-01,6.002777218818664551e-01
6.898517608642578125e-01,6.178553700447082520e-01
5.885349512100219727e-01,-5.194743871688842773e-01
1.024126037955284119e-01,2.182021439075469971e-01
3.380736410617828369e-01,5.607293248176574707e-01
-3.778330683708190918e-01,-7.338508218526840210e-02
6.715914607048034668e-01,6.109654903411865234e-01
2.819617390632629395e-01,6.224786043167114258e-01
7.580673098564147949e-01,4.037862420082092285e-01
