-6.441752529359330570e-02,-3.075141378670385728e-01
1.592947608060871767e-01,-9.375014339794540685e-02
2.642152970819664493e-01,1.589637197596157403e+00
-1.559358790383532423e+00,-3.499386652221544991e-01
2.621354733029473416e-01,-6.246911358690975247e-01
1.269717136574109208e-02,-3.554245219658676014e-01
1.060051534655667288e-01,-6.690296073358491524e-01
8.961386876139123547e-01,-1.256316949345002820e+00
-9.000546153838991925e-01,1.873227876772647127e+00
-7.182658680530810136e-01,1.931345178506455484e+00
-5.361880398350173105e-02,-1.552365715720452066e-01
1.168947021699254352e+00,2.508201426957153424e-01
9.531013132921110076e-01,1.293898473554717932e-01
-8.893567683202469043e-02,-3.074580671290795264e-01
1.087963198612790783e-01,1.260370148367788268e+00
3.004739541462993491e-01,1.544845341794415794e-01
3.715352525243466597e-01,1.653135574086341597e+00
4.360374258806781755e-01,-7.195292941040131174e-01
3.947505059013543538e-01,1.496120977257762164e+00
-2.032489875598713913e-01,1.635871745686111600e+00
2.637039526956859170e-01,-7.521990403072477127e-01
6.067706522585118722e-02,1.683738277473734168e+00
1.018469873244456814e+00,1.331616124257551381e-01
4.353233546422440314e-01,2.041287944574831315e+00
2.269670414110696866e-01,-1.289600277513955166e-02
-7.773752767996040536e-01,-7.668307838669102816e-01
3.149418493036179600e-01,-6.652138023434622793e-01
-4.231678090485854749e-01,-1.177550169706451655e+00
8.138153555612940293e-01,-1.061558349082836861e+00
-5.892827397082339713e-01,-9.744278173434740564e-01
1.708705459442620145e-01,-7.859012584618522146e-01
-8.869592196533281764e-05,-6.778167274713530199e-01
6.600089722449058449e-01,1.331768886715446187e-01
-1.197622528741378312e-01,-6.629589351548621501e-01
-1.804903862066707720e+00,-1.802371711159755086e-01
5.926082169120293619e-01,4.236834838904456335e-01
9.100150856084324724e-01,4.412985641050657382e-01
-4.045279136716637414e-01,1.699579493105286332e+00
-7.358048718126980470e-02,-5.134850958491745665e-01
1.495254369770967762e-01,-7.083258313440031761e-01
1.118783888603799737e+00,-1.474259803696429671e-01
2.354690444880092604e-01,1.147902217011255610e+00
-2.500630322168539421e-01,-7.557026824599061277e-01
-2.107315194206332287e-01,-1.132946025007598445e+00
2.637563151229371100e-02,-1.244954355954675629e+00
6.468576069688753982e-01,-1.383377891710298735e-01
2.812000609791538430e-01,-3.616494911563769565e-02
-1.839227399019947473e+00,-4.980386300070569483e-01
-1.014913434630890787e+00,1.638290827740541689e+00
4.514270020512341497e-01,-9.415250141097254444e-01
-3.342808676511915267e-01,-4.973986104885955717e-01
1.790386173588197849e+00,3.270233551944177197e-01
-3.265257152532342194e-02,2.039871226945795257e+00
-2.542605013619073095e-01,-7.401654309588158176e-01
-3.255478984217332172e+00,3.251837430189929512e-04
8.448224791728586869e-01,-8.250753706090234729e-01
5.840083731197356354e-01,8.540606383036047911e-02
1.019022372190847792e+00,5.097162518253127439e-02
9.051158434759433158e-01,1.639165857238094048e-01
2.015321485963116888e-01,-1.019977039774591754e+00
-3.112513313142835636e-01,-1.520156316875986180e+00
2.294505631601338469e-01,-1.210084078152691978e-01
-2.960864959187895273e+00,-1.957203733977462279e-01
-2.632987309653545882e+00,-5.785667620744969764e-01
1.228902755464107432e-01,1.567891689971755875e+00
1.002305144756559518e-01,-1.109740556901880559e+00
-3.182850725151803450e-01,1.410050956866290006e+00
2.222418749942930982e-01,-5.021355309484636376e-01
6.648809080688639073e-01,-3.439611998163919632e-02
-2.190445297609304731e-01,3.266402218529248502e-01
1.569732336982672116e+00,-3.086513683093874971e-01
1.378999735637099211e-01,-8.689245861969293605e-01
-2.054122915829475371e+00,-4.380087861983377184e-01
1.080690175070740722e+00,-6.397489450805381173e-02
1.516593698631629961e+00,-7.981799739269770377e-01
-2.389668946619241563e+00,4.118978763986656105e-02
-5.494233268930253100e-01,-4.666667448955184594e-01
-9.437866219704202919e-01,-2.136033160322923785e-01
6.754660180807746661e-01,-4.451111686787737054e-01
-7.679586495210992403e-02,1.333136783523410029e+00
1.821311351040369730e-01,-7.404976587739896532e-01
-6.272407127513531799e-01,-5.934096545611796669e-01
5.499674327801095108e-01,-4.674215221624455907e-01
-2.835304034573385423e-01,1.790254915652985890e+00
-5.489957321391872869e-01,-7.688616339121878696e-01
1.456451619423522414e+00,7.428895486382185165e-02
-1.968306252812685786e+00,1.287330912015139869e-02
-6.519705324189509765e-01,-5.906143236701110188e-01
4.656678146263387164e-01,8.150317180389191063e-02
-9.410660805102185611e-01,-4.181102202334445739e-01
1.638926280010407632e+00,4.218252273721693202e-01
5.954754215178007515e-01,5.704303118103808412e-01
6.145894154143149990e-01,1.609097370684860140e+00
3.680092651855887409e-01,-1.804627672093125912e-01
1.326856148894188347e+00,1.661788851052927729e-01
1.915631111313630675e-01,-1.260834906226431240e+00
8.540075747728283206e-03,-3.795214488764847016e-01
3.769239137475016710e-01,-1.298176486934939033e+00
-3.785582601749301872e-03,-6.226989734639057916e-01
1.483675489098919442e+00,-1.089923872484763745e+00
-1.420012520326058292e+00,-3.062995993532259820e-01
4.531967314874559283e-01,1.077223084079815402e-01
6.967751785576828949e-01,-2.587439506102359177e-01
7.544047090382709209e-02,-5.188720177805272726e-01
-9.255013961504853226e-01,2.061550321145709574e+00
-2.446453510478232840e-01,-7.511399783938187413e-01
3.088694238741015452e-01,1.684768909436997197e-01
-1.100394073613656098e-01,1.683782388612738545e+00
-1.885007084652851717e+00,-2.594478493448162393e-01
5.290070823217578599e-01,1.515857674557091306e+00
-6.436473368936291850e-01,1.511217993288328287e+00
2.003116638654381276e+00,3.286300727461833326e-01
-3.770946655853725238e-01,-1.026945271034075846e+00
-1.295839822862692170e-01,-4.423388127806794357e-01
5.045296133952079654e-01,1.701290371659322842e+00
-2.945757424463797403e+00,2.340939610330848852e-01
-2.444236725813228706e+00,1.232977159871421063e-01
5.515368320534075330e-01,-8.512935985118014193e-01
4.272941338324802163e-01,-6.005634185566118832e-01
7.847703359705920922e-02,-4.169120356486045731e-01
-7.303685371810869631e-01,1.995979272111003899e+00
-5.263877650524326768e-01,1.649275618293244428e+00
-5.348283120227396159e-01,2.103777255349160935e+00
6.538560050506254662e-01,1.850211123280932402e+00
6.977544519584265581e-01,-1.068321052657065895e+00
-3.811130013727175858e-01,-1.008759204708032930e+00
8.259094254324518269e-01,-2.092399179379417565e-03
1.027085327976696272e+00,-1.188024690010778261e+00
1.250063465314531053e+00,2.549797386233518814e-01
-5.813445165638821965e-01,-9.561652397812936410e-01
-9.536340177000975915e-01,-9.827821447569252689e-01
-1.278512592433427020e-01,-1.412890324116798102e-01
8.569802929326559848e-01,-1.061334573058106745e+00
9.158852651323137195e-01,1.984458686467736266e+00
1.184558135445935356e+00,2.822980595533279291e-01
5.520705660013128929e-02,1.753434483610901040e+00
9.615293928423743752e-01,-1.249839923689775478e+00
7.063776948763210717e-01,-7.502880796622547754e-02
5.055091599895039645e-01,-8.458496442054258546e-01
8.755020308260147432e-01,3.780526546909047658e-01
-1.165252823385307890e+00,1.432525584543953734e+00
-3.636962140890379613e-01,-9.214434853516384472e-01
7.669005778771049719e-01,-9.097871783628498632e-02
-1.143907933079115757e-01,1.750390010501326143e+00
1.721611164124590698e-01,-4.728136146374448123e-01
2.067626536491036157e-02,1.799048805177983823e+00
7.767465845820044068e-01,-7.876136933061641532e-01
-1.501047369343987414e-01,-7.352329194192235295e-01
1.298465863530353509e-02,-1.331761022509749148e+00
6.289613362162959076e-01,-2.212299703172412590e-01
1.003999868323697947e-01,-1.254388961568675187e+00
-1.684420017183279605e-01,1.741740371608049953e+00
-2.302288251911015771e-01,-1.172660075961390547e+00
1.308017950615397496e+00,2.356310262256490207e-01
6.459131030769776904e-01,-7.514282521569312090e-01
6.073053036293232232e-01,-9.588431918715139002e-01
-1.040823809372098951e+00,-5.039579480796197997e-01
2.194116626798314484e-01,1.688340013271920181e+00
-2.055321923396511152e-01,-4.400258746936145937e-01
-5.850322036571440343e-01,-9.287654411902890317e-01
1.116427398521243841e+00,6.778002954623238430e-02
8.032041625613722813e-01,-1.757265590972601974e-02
6.577323309054707856e-01,1.424671523517190064e+00
-4.433061121582970721e-02,-1.243637352490186254e+00
-4.264493212445124581e-01,-7.048149054400656421e-01
1.189988486995156025e+00,7.162800505794121586e-02
-4.160422467231287419e-02,-1.087052601532419782e+00
2.294496894829166356e-01,-7.989285560026588850e-01
1.211372488720183771e+00,1.731209556494806012e+00
6.565510569162021082e-02,-3.311384061995664152e-01
-2.072092225965765255e+00,-2.014109330114610130e-01
1.122546033571463209e+00,5.489431401841517871e-02
6.746727973041484194e-01,1.609886331030284889e+00
1.098915184297841741e+00,1.496495338783982332e+00
-4.044912893943316767e+00,2.472054990045906980e-02
-6.501261343477940935e-01,1.470221496424453322e+00
1.274314034464081979e+00,7.162749671642337779e-02
7.580469072027511412e-01,1.326094261243036865e+00
3.014543198973461124e-01,1.751076469740414296e-02
4.228011347830023525e-01,4.765864456375095703e-01
4.565422963675956902e-01,-1.466172660241675141e+00
4.252185716087844569e-02,1.646943177774296663e+00
4.968849547887864704e-01,-1.440377017204550913e+00
1.425562162559100177e+00,1.981852614395353540e-01
4.233738986917173763e-01,1.797279789508680725e+00
1.113974298581467348e+00,1.015891285888246148e-01
3.913848638740973773e-01,1.532540622549046105e+00
-1.243274724933035175e-01,-1.094883545322181684e+00
1.135212797180447236e-01,-1.120661861673538207e+00
1.242642606069397804e+00,-5.329404572835527709e-01
3.778992388934267893e-02,-4.525298218325554123e-01
3.202628557376263063e-01,1.551835690817233049e+00
7.013176619471431783e-01,5.907927220261646184e-01
-5.063330304085930100e-01,2.040651359444219715e+00
1.700775937311361563e+00,-1.518433914676801944e-01
6.899885278267321453e-01,1.005301183141216609e-01
-2.562354086645115547e+00,-1.027948290940338405e-01
8.451149613491406795e-03,-6.096922286894667087e-01
-4.371072673541805398e-01,-2.152975191924717258e-01
5.138253527748075644e-01,-1.420034406693075901e+00
1.312101412603149664e-01,1.635225251988114747e+00
2.912708986448772075e-01,1.801807531827998687e+00
-6.299532333324087130e-01,-1.064792137111979287e+00
-2.586150605421798421e+00,1.897089144509823133e-01
7.662517338260393940e-01,4.605408635646304760e-02
1.172964894288463789e-01,-1.131551934665033343e+00
6.218897481880534261e-01,-7.808677771301052450e-01
-2.247678319160935967e+00,-4.225340411043618238e-01
8.761885607348635086e-01,3.774231845085990189e-02
1.348329792779707770e-01,-5.353621653492577348e-01
-1.019602528020347454e-01,-8.710662379128156774e-01
-9.924022274839464641e-01,-6.356914135698572554e-01
4.823017092526252041e-03,1.732579260313962921e+00
8.004338891902270658e-01,-1.520200590039360311e-01
-1.968991847689668256e-02,1.772198592053242372e+00
-1.092249289086725944e-01,-1.374524770370070037e+00
8.960293499515451510e-01,-3.820251189373823353e-01
-2.159654314897658245e-01,-5.492917732030362377e-01
2.466466055945632507e-01,-4.333304159256647359e-01
6.562113050229122502e-01,1.529457852869067880e+00
3.710082641307381468e-02,-8.628119179688932272e-01
-4.412551798424510507e-01,-6.669831504127309296e-01
-2.223433280560079828e-01,-6.657179649453650594e-01
6.535705554464241174e-02,-1.130781163673178630e-02
3.389696351700521304e-01,1.924720290913082055e+00
5.325574956181007291e-01,-1.274597616521244703e+00
2.360918505644583887e-01,1.656352839201403748e+00
6.141088258835226688e-01,4.878326603938205608e-01
-2.231236322403079286e-01,1.667191511664112946e+00
1.273384780095573321e+00,-8.978942342089939466e-01
9.939621264436919734e-01,-1.022588855587607037e+00
-1.292733473095407870e+00,-1.054292208352400229e+00
9.723970171267332097e-01,-9.909126892233340866e-01
4.584502821909338666e-01,5.226149178030364828e-02
5.391269468890514949e-01,-5.158803885370581988e-01
-1.664536073334187849e+00,-3.554586231644417116e-01
-7.313594969612141616e-01,-9.685567525207010586e-01
-7.593616042417417056e-02,1.276863262042139124e-01
-1.089451570050608137e-01,-5.437156735809679509e-01
-1.218602504625491828e-01,-1.140843866417566632e+00
-3.315749321360628166e+00,-6.964592715415862667e-02
-4.314846870601887208e-01,-8.856300769353764313e-01
4.040675235129055354e-01,-1.194817616905506474e+00
1.355865130476429536e+00,-1.691267860775692855e-01
4.597057264695343926e-01,-2.100231208316394593e-01
3.990048241852952593e-01,-4.007956778903236650e-01
-2.658584482923125769e+00,-3.109019775617548054e-01
-1.109841738161583491e+00,-2.843763007959911326e-01
5.965989643922644525e-01,-1.084091554496318111e+00
6.571262351951544511e-01,-8.099860874925900456e-01
4.793570312792763688e-01,-5.525593187158278630e-01
1.598896905197709106e+00,2.635733007774548331e-01
5.253720244054945754e-01,3.441813449176772122e-01
1.362380207220061701e+00,-7.794161346890420006e-02
-2.618854225801349411e+00,7.057754883490756359e-02
2.523671194836611398e-01,-1.230427583524197788e+00
-2.520985585135370188e-01,-7.372300826605605595e-01
6.190089029456242731e-01,-6.071420546625397874e-01
-1.700972079534165404e+00,-6.703944926437698237e-01
1.790809060915105611e-01,1.137600987335819214e-01
3.832613652507159685e-01,1.288879947277792093e+00
2.652644129096458359e-02,-2.898858730696015143e-02
8.233806007818279538e-01,-6.892962532609133719e-01
-2.680548371670936625e-01,1.007267103328471081e-01
-1.879458176536604186e-01,-5.936414049413544225e-01
-1.320830422280165894e+00,-6.387639733916450346e-02
5.800799210515085180e-01,-4.680213194798695658e-02
1.520389781241262284e-01,-8.375341253456990154e-02
1.262472205329244312e+00,2.426129741628449688e-01
1.482113561656057232e+00,-1.047294759041899281e+00
3.135521950140439662e-01,-1.273052876369691777e+00
2.306231573733771856e-01,5.572741445319164821e-01
1.868802378623475868e-01,-7.287269201925036244e-01
-2.571686395429766847e+00,1.343953418918441833e-01
-8.105183030882164852e-01,-5.244615462206362322e-01
4.379049203289726855e-02,-7.551764926279799228e-01
9.223910550785320295e-01,1.753368009140371164e+00
-3.745234154887913114e-01,-9.995802679355736409e-01
-2.711503956837876816e-01,-4.191081521663869713e-01
7.536397521079419848e-01,-9.998446231297075659e-01
6.992070022893278614e-01,-2.425991715858583087e-01
4.976090492282012057e-01,-6.142428616275431852e-02
4.898891318920881588e-01,-2.592158089552565325e-01
4.251586828873378798e-01,2.126862892983226505e+00
-6.461393520340493746e-01,-2.607352289893805630e-01
2.741407571760513529e-01,-7.018240114360127513e-02
-3.378924251258044742e-01,-2.179108953966419626e-01
4.437000346319988631e-01,-4.822408427251301255e-01
-8.690381249130697539e-01,-6.526239569747583902e-01
1.055136799701317907e+00,-5.814523167296498790e-02
2.668128035432993372e-01,1.989219677906991279e+00
5.617494942895454590e-01,-5.155308125950887055e-01
6.396346496774830970e-02,2.985973246349998833e-01
-3.358749895144321762e-01,-2.022215096935539302e-01
6.801915577263352164e-01,-1.592675133300232859e-01
5.061595184440713657e-01,1.319256144558797139e+00
3.055389682112622657e-02,-1.313826384801022984e+00
4.618117282920454203e-01,-2.043433535659018307e-01
1.631104475572088264e+00,1.657572946696308225e-01
4.745028601949685676e-01,-5.869942542715081424e-02
2.829562772410172955e-01,-7.642168871110436301e-01
3.054592085123157275e-01,-1.148184373912244816e+00
1.200908518592803897e+00,-1.651039729067817208e-01
1.630334390455561167e+00,7.640135250080964946e-02
-2.659198041538108348e-01,-6.657340710159065367e-01
-7.526247321627088649e-02,1.614850191151983472e+00
1.403191389619841578e+00,1.911921950780299528e-01
-1.123255572791120732e-01,-4.348463078233100743e-01
8.489800134896805517e-01,2.524382044086992405e-01
-1.448465814321470146e+00,2.066237628733126996e+00
2.432798629684042035e-01,-7.330943654349247884e-01
-6.278007121362466636e-01,-2.672697987683142484e-01
7.507914332707905647e-01,1.364476619947551761e+00
5.634517436365711340e-01,-1.146024528805232201e+00
-7.365921873262851749e-01,-5.815759127467191592e-01
4.859124490867931523e-01,-6.089685003246513295e-01
7.695765125701989340e-02,-1.825051923460339065e-01
1.111480909995474359e-01,1.789409818404256614e+00
-7.062932900940406267e-01,-1.033705925422465366e-01
6.170150199456492929e-02,-1.149654000451374003e+00
-5.793153414078484192e-02,1.664548054097891416e+00
1.073049625290981995e-01,1.492702360785244375e-01
-2.309675340998307014e-01,-9.130203393975929727e-01
9.219840332338967714e-01,-1.064733178736927632e+00
8.571163631481838463e-01,2.030801616660425690e+00
6.389503959422317969e-01,-1.393184920769341417e+00
-7.069853671012303886e-01,-7.362917292706120387e-01
-1.340555361643429311e-01,-1.156495767266173758e+00
-7.748827816894205966e-01,1.792740083168047616e-01
-2.478527180131664398e+00,-5.959048261877812613e-02
-8.677643753332719978e-02,-2.525609142945083319e-01
1.525772313162075067e+00,3.663626105285527901e-01
5.941648263736067775e-02,2.457313085205110881e-01
8.839011112585978269e-01,-1.123090483851397620e-01
-4.580571931123466473e-02,-1.206316045077474551e-02
4.022839333948033946e-01,-4.838831392491292349e-01
5.198085217593370055e-01,-3.362134896521518090e-01
-4.555086572964762159e-01,-9.744990240533177306e-02
8.092668642090991016e-01,5.225121660303400778e-02
-1.490366655766243997e-01,1.827743800042634259e+00
-3.099196659328363676e-02,1.683941568079754258e+00
-3.095889010506663874e-01,5.331089908219979190e-01
1.165403554461789115e+00,-1.100346538084824966e+00
7.953169002009197880e-03,-1.252823545184398313e+00
1.359049584305644376e-01,-7.201103310541958624e-01
-3.118699524771289741e-02,-2.901635900351772213e-01
1.424632208228514552e-01,-8.603977138055803886e-01
3.882146141313521648e-01,-1.330244139649070734e+00
-1.559288324225267253e-01,-1.235487311132084320e+00
-2.767806938021586949e-01,1.792857700674873378e+00
2.401788450181497059e-01,1.393878349515328186e+00
9.689251650073065214e-01,-2.156037961918092979e-02
8.458416808090576389e-01,4.584181163494752687e-01
-2.587533530084035860e+00,-2.844458951394199797e-01
-1.198832214726510415e-01,-5.068911025387194957e-01
-5.837975693379086062e-01,-8.023617285327547810e-01
-2.089445900108768961e-01,-8.185301639197843926e-01
-2.902797535489849423e-01,1.474335386671011605e+00
1.199007615390323134e-01,-1.100414402256680413e+00
3.960572563377929289e-01,-8.381470299557630677e-01
7.657118783820545671e-01,9.003745359160839068e-02
-3.064233201973440845e-01,-8.303288945569339274e-01
1.038282500984838430e+00,1.198420082013469945e-01
7.632683690193956538e-01,-2.512363080873966092e-01
-3.277161389091847177e-01,-6.809426918352181612e-01
-2.893701989981016354e+00,-1.939645689643113569e-01
1.192560289191681555e+00,-9.879677871338305994e-01
3.042500283378773984e-02,-2.391551014966063482e-01
-2.908442869979693257e-01,1.407600632772143978e+00
8.385206799786971699e-01,1.740997668940126031e-01
-4.578856377201349437e-04,-6.747290264945791927e-02
-1.085024236293311017e-01,1.587673916986118261e+00
8.023680643638160248e-01,1.782217548039568777e+00
6.884876733689498929e-01,-7.680089104089529162e-01
-2.984474352758770821e-01,-9.915158913910118721e-02
-4.139817335821643352e-01,1.725031573799842066e+00
-2.215377849092537432e-01,-2.757343470584003864e-01
3.172609074238209176e-02,-1.022998838123487797e+00
4.166624296856427656e-01,-3.061286406829170637e-01
7.766685215472475257e-01,-1.048878214880706095e+00
2.196668958241226599e-01,-1.319250189581232524e+00
-1.128419389841720077e+00,1.800444585153136545e+00
-2.442664615170057063e-01,1.612020189304172346e+00
9.133302107732991226e-01,3.523696250970516641e-01
3.786900241162414193e-01,1.775486083372536106e+00
1.315265488435080954e+00,3.870971351292657459e-01
-2.562136718100632926e+00,-2.045531634455735326e-01
2.267352301947311577e-01,-4.612572218830230386e-01
-4.415148544857392388e-01,-7.948172192375783096e-01
7.702782715057160390e-01,-2.815068045642897185e-02
-3.461136345374449252e-01,-5.209250504402255233e-01
1.073241150356103318e-01,4.697846739912468067e-02
1.696562658962522674e-01,2.087944900251660574e+00
2.303253972834043151e-01,-6.531684232231600440e-01
-2.693767214430685897e+00,-2.713742766465999656e-01
6.262157555713415702e-01,1.940495732518927818e+00
9.497406098915704975e-01,-8.082221530216516792e-01
1.514359906604933192e-01,2.075652659083991214e+00
1.098878440367975662e+00,9.589246128590919738e-02
-1.459743586667340276e-01,-9.385498392032122217e-01
1.830932446812338688e+00,4.266100435755194042e-01
-5.708281555071056390e-01,1.453676686974732180e+00
-1.975383986475561793e+00,-6.637288179136372479e-01
-8.189290833017694171e-02,2.163315191765754264e+00
-2.322429957980170823e+00,-1.109246279349706960e-01
-1.860092341834818752e+00,-3.074154026003950713e-01
1.634477552050006999e+00,-1.505022936466626493e-01
4.070146355492187396e-01,1.804538855110185414e-01
3.419905137219352298e-01,-6.021795369751876681e-01
1.708590955137151979e-01,-2.608939917288555232e-01
-4.470719890509363137e-01,-9.999113150918429449e-01
-3.562408809707703350e-01,1.540481326076684310e+00
1.440760220393952018e+00,4.140206568508914553e-01
3.300402508856760675e-01,-4.109985445013598915e-02
5.353426730134920319e-01,-5.088626764414549974e-01
5.850479798520093200e-02,-2.556281188380528091e-01
5.142865222221019161e-01,-1.015416290235005459e+00
3.678166400595710983e-01,-4.793469915777233137e-01
4.749452437701898178e-01,-1.603481977974465122e+00
-8.094928275935451278e-01,-8.077571922905971702e-01
-6.080745277331968124e-01,1.410401793976299611e+00
-7.026911060766602990e-01,1.318298500878128943e+00
4.374101507013725687e-01,-1.083250987215526040e+00
7.648886917710173705e-01,1.754135227188311719e+00
6.980918729623755148e-01,9.927563352513510408e-02
-8.200899402155568951e-02,1.833294012381820215e+00
3.911902681003365800e-01,1.598035822476608692e+00
-4.903416229805109827e-01,1.532974383280339747e+00
-5.932589421569872679e-01,2.019735878081273750e+00
-1.816786669921706343e+00,-1.523385920705333518e-01
-4.819383452238578669e-01,-5.856724064566140031e-01
3.021848593632441293e-01,-1.200743737712518078e+00
3.668539911899226236e-01,-1.664194622590683681e-01
1.002398920920261727e+00,9.245371618512500389e-02
7.415821174067006860e-02,-8.321111998533341214e-02
-3.806799800253255484e-01,-6.019492763524245671e-01
-7.610717979486770757e-01,1.429555560821007321e+00
5.064384192257747053e-01,-9.018705055134598192e-01
-2.206488986755779091e+00,-3.026872054204710616e-01
3.354066396633412217e-01,-5.902057283096207724e-02
-9.604867158164284158e-01,-1.062727052571007302e+00
2.933469538688201483e-01,-1.188361781361980896e+00
-3.627045933338216011e-01,-1.153489649386943317e+00
-1.132944163916678806e-02,1.697802650039957673e+00
2.391010359765226648e-02,-4.432099563978582069e-01
1.005752893642490431e+00,2.256909023422551397e-02
9.057455268961119854e-01,-1.266855697249272272e-01
2.013570306434240564e-01,-8.191454288722682664e-01
7.253061685192625507e-01,-1.049663112795330200e+00
-2.136368094584472910e-01,1.759580879021400035e+00
6.115665762867974337e-02,1.788870640555443980e+00
1.328851912300796911e+00,1.796735975925297935e-01
1.997245227749773200e-01,-1.432854954508548051e+00
-1.914142520275779191e-01,-1.872725358988990563e-01
2.630911928124217147e-01,-1.271345238586769399e+00
-4.334781937710707744e-01,1.936445039484020247e+00
6.482522279271901722e-01,1.531241462782446217e+00
-4.290425099807823051e-01,-1.448798463747785981e+00
1.272419409265209689e+00,1.461685955526872138e-01
1.053071953341996769e+00,3.130487043498507253e-03
-2.620271350391004450e+00,1.255040092543062147e-01
-2.105107425673204080e+00,1.137533319354831901e-01
5.827738109883565665e-01,1.700603521747708236e+00
8.213343811232292069e-01,-8.375471521409183495e-01
-1.749094769030072660e+00,-4.202260523895696709e-01
6.381284927693587905e-01,1.441013210577145376e+00
3.535873929364181656e-01,-8.089123704753358179e-01
1.378899934547761719e+00,-4.124911391091036494e-02
6.902347959917740639e-01,1.794485478396562250e+00
-2.573136510333595250e+00,-3.474930724128635906e-01
1.126041745192458698e+00,-4.025169066005451768e-02
-2.508999207405250065e+00,2.384507761929268999e-01
9.567478925325624273e-01,3.832892861026561682e-01
8.240979024136020348e-01,-5.623626380769630728e-01
-9.984295828263556327e-02,1.783376303452433254e+00
2.241911134182197340e-01,-1.264098597790580814e-01
1.658493402627194968e-01,-1.213636503741633454e+00
-8.429233934000128770e-01,-6.305323368674966567e-01
9.614059232064808835e-02,-1.129948064674699770e+00
-2.852035501488853875e+00,-2.474935418657130959e-01
9.089009161780315926e-01,-4.755912108415858430e-01
4.323620582944693314e-01,1.520374939973528239e+00
-1.115923912241485016e+00,1.749694143798067536e+00
8.678787840143109555e-01,4.330028064348249162e-01
1.874691335099565870e-01,1.856526851556802526e+00
4.525863115698789962e-01,-8.341309879951116502e-01
-2.078740498195129405e+00,-2.018879095157641856e-01
1.309977086293173387e-01,-8.872832022452173950e-01
5.367634873994644451e-01,-1.478532942452875254e+00
3.077996556121208593e-01,-5.286472988166257547e-01
-2.651765904030926047e-01,1.225060776750024116e+00
-1.335804101494816598e-01,1.831860930814582566e+00
-4.174224296644062915e-01,-7.989278342266947774e-01
-3.091399075596641399e+00,-3.170304983165821416e-03
-2.354654078281229468e-01,-4.140753836089906548e-01
7.204165395369346303e-01,1.179682509998331991e-01
-9.441030921791911945e-01,-6.413759907297097440e-01
7.502239612681135816e-02,-7.657967739744722113e-01
5.730005690487235404e-01,-7.165888350963648401e-01
9.318902245319989897e-01,9.913726326108811271e-02
7.306224229065779729e-01,7.275148615857751633e-01
6.825852361663673484e-01,-1.562759388491148649e-01
3.227790040694490936e-01,-3.220228364564421408e-01
-2.441441991843078529e+00,-3.144797405149596381e-01
1.483522928534819707e+00,4.069257190120172119e-02
-5.732026635968500150e-01,-1.551217547562877774e+00
6.297862912517864231e-01,4.248840287583555836e-02
7.853583721339674195e-01,-1.017620301088202783e+00
8.140609108773396718e-01,1.643274633904291404e+00
4.685623497272062843e-01,2.926366457564777979e-01
-3.567887429395449894e-01,-8.636458812169608423e-01
-6.200351168113160671e-01,2.070938947159130628e+00
4.356381605451914996e-01,-5.481149605117432433e-01
-4.583656850425938400e-01,1.979525731573098524e+00
2.449623094592058570e-01,-6.586953038005737282e-01
1.522998195235446550e-01,-3.903587146757694915e-01
2.430107601941496331e-01,-9.064017575951879291e-01
-8.146984783411236053e-02,-7.492312512546782655e-01
8.247907064686190726e-01,-1.188392478007275210e+00
1.008164876097183971e+00,-3.235158199346955740e-03
-1.590041258874567431e-01,1.841164201378940657e+00
-3.893190898221984275e-01,1.545411524239514778e+00
2.250111770756944296e-01,-1.091444951548168785e+00
-4.151536271670602796e-01,1.869450915209964759e+00
8.554980022314843113e-01,-6.660186468007674998e-01
-7.649096699550895773e-01,-1.061714194705843717e+00
1.054864158292152521e+00,-9.445643024613743499e-01
8.312613344507918667e-01,3.033115028880815633e-01
1.798772001249481667e+00,-2.302024921846048955e-01
2.179233991358917738e-02,-7.308158492330864009e-01
-5.635925869577854685e-01,-8.111372779061646332e-01
8.272172504963985762e-02,-7.053949725224262224e-01
1.304371513317946096e+00,3.631646276053041578e-01
-2.028818973287277672e+00,1.544763287746256375e-02
-3.393982656213579974e-01,1.631525393586662265e+00
8.666373991327485093e-01,1.856511600890126346e+00
6.699753953959344255e-01,1.648797939989602002e+00
-2.476525840204812923e-01,-7.623106795424557935e-01
1.266117386073947637e+00,-5.690367288211409802e-01
1.086482387095205893e-01,1.577005460611306420e+00
-4.563246420049863472e-01,1.427616269510338931e+00
6.123768890444873936e-01,-9.405656892141904812e-01
-2.972597809579429762e-01,-4.191830553877319843e-01
9.630072769782439535e-01,-6.545171207433769789e-01
4.069508113113551873e-01,1.850190049115442381e+00
-2.335869248251206010e+00,-2.344037365332569678e-01
1.287707303994562458e-01,-8.112399703760116987e-01
7.465912191612634752e-01,-4.218543442327874482e-01
2.679616558756294786e-01,-6.319095375701271333e-01
-6.277514092231428755e-01,-1.067011527367328183e+00
-1.685696625201262844e-01,1.083437267252422398e+00
6.987285525955443388e-01,-9.157793058786467544e-01
1.369669529595845425e+00,2.117952655957344998e-01
6.456420907009190469e-01,6.566869713483054760e-02
6.683669291127775081e-01,-4.491209927605750996e-01
3.012022491780769751e-01,1.795508826567337568e+00
4.429498709803712519e-01,1.787722580544233164e-01
9.878610862078968102e-01,1.802814197623496817e+00
-1.317615303141128347e-01,1.804719205201914756e+00
-3.259395928662212668e-03,-5.947345821625785733e-01
-1.278008578450418875e-01,-3.035530030139610980e-01
1.447455075731813201e+00,9.039688003338970657e-02
2.683325803192849190e-01,3.444058045369601251e-01
-5.866959426469419148e-01,1.898808832209244679e+00
6.326411811818343223e-01,1.500984309884195067e+00
-3.588664630251344745e-01,-8.147522229617394363e-01
3.136947359994563533e-01,1.695523688081644442e+00
-4.607016767183403361e-01,-1.583925060954984587e-01
5.733177357507444061e-01,-5.581262474939060469e-01
6.065464054231625018e-02,1.844469495078391752e+00
2.634917958626235013e-01,1.567448895919933749e+00
-1.183107681126016331e-01,-6.912383718145332923e-01
-5.458958212718114655e-01,1.570882237472019272e+00
-3.905446475250654581e-01,1.677649604487707169e+00
-7.463101824033659959e-01,-1.531934904464792968e+00
-3.038825176737403044e-01,-6.966816228203218664e-01
8.985517099037831912e-01,1.563645809630846983e+00
-5.916221428154694317e-01,-4.894485147818101178e-01
1.140591768753157265e+00,1.474463869307954811e-01
1.592875593701507997e+00,-2.146037990918443772e-01
8.748086789303470834e-01,2.054963721542649502e+00
1.078698368136178587e+00,-1.080854334184740417e-01
1.135064496331243511e+00,1.670931878099423187e-02
9.115539298105566068e-01,2.458370248716103545e-01
-2.784485066637505390e+00,-9.755628957777863486e-02
1.180812167034599458e-01,1.414018969964901951e+00
-1.670694994625137930e+00,-4.462654699663000102e-01
-2.819889351349569306e+00,-2.974241062631260424e-01
8.370819177251260790e-01,3.714824740061085928e-02
9.324629344904130646e-01,-1.098810131905584297e+00
-2.198078802552212441e+00,-3.059789954813909030e-01
3.642217286327675829e-02,1.468937559556490191e+00
4.454826095071366399e-01,-6.849528616472404519e-01
6.766235150427599709e-01,-1.586293670255008725e-01
-1.087720122819604701e-01,-9.704290286869939886e-01
-3.053689147164397877e-01,-2.412216997241631855e-01
3.105535181176701243e-01,-1.174830658967341401e+00
4.559919154660073692e-01,-1.227801099411152785e+00
-3.292596079114438634e+00,-5.807432441533982859e-01
-5.239241493478971057e-01,1.500118331152603846e+00
8.780591213541071305e-01,1.484695666666306091e-01
9.121328004509762222e-01,1.432147164074699941e-01
-3.645212640019606098e-01,1.822395293922587145e+00
-2.559809531596636267e-01,1.378916813502421457e+00
6.693392268265041523e-01,-6.599921221734518506e-02
-8.042236904316886481e-02,-8.011384473234248738e-01
7.646429238149539398e-02,-1.373856523795117024e+00
-3.829398101067491011e-02,-6.300743256278932281e-01
-2.167921662170213093e+00,2.196835037204596108e-01
6.472390129816719684e-01,-1.459998430411909576e-01
-6.657207784091295766e-01,-4.985041919103824215e-01
1.027938311819711625e+00,1.068595458176251345e-01
4.278522709413471459e-01,-1.836456079760493965e-01
7.154247644922837601e-01,2.511956256384051400e-01
2.473215174684269269e-01,-8.491120008759998061e-01
5.844962748338019543e-01,-6.490164496826886786e-01
2.530143833605134063e-01,-7.985770399735229175e-01
1.051478191273325369e-01,1.714725555475836993e-01
-4.396203947683481605e-02,-6.974945628005140286e-01
7.085947975329590087e-02,-9.207687526170001968e-01
1.831836436119922348e-02,-4.939322769970476701e-01
3.318714795451012112e-01,-9.627578511782314274e-01
-3.229102773303423324e-01,-1.561634398167881244e-01
7.662429645803396916e-01,-1.321193390593946138e+00
-7.520934243694258337e-01,-4.971498769175948240e-01
6.846173185596439170e-01,-7.766671461396348897e-02
-9.525045978191761797e-01,-1.103600716003491966e+00
-2.466365389314404855e+00,-4.448498655626000331e-01
4.460177894423449363e-01,-9.744681524625387059e-01
-2.247708991899983300e+00,-4.510617531487840504e-01
1.596052033702174411e+00,-9.574541780946590475e-01
1.020634103816858040e+00,-2.250959727469279692e-01
-1.001531273132733713e+00,-7.884828300574274751e-01
-3.767754363248810856e-01,1.879924312780200113e+00
9.795164532004627667e-01,2.294961225365506341e-01
9.350738958780830945e-01,1.379913164053263808e+00
4.692364855741102403e-01,-2.801588858723159103e-01
-9.324614056225980496e-01,1.344492663724899506e+00
6.073288041405773274e-01,1.752496368348596956e-01
3.001946540381845718e-01,-4.157366195295548184e-01
-5.493496705665260604e-01,1.625841988393448068e+00
-3.686534335155313702e-01,-9.167800591700617785e-01
1.404664967725807179e+00,-4.330853232588434132e-01
-6.308474347807824234e-02,1.768654847983854861e+00
9.917791372377119385e-01,1.522372472936197152e+00
5.338942882948145563e-01,-1.095900397208284360e+00
-5.700965111244214040e-02,-1.639213755874420198e+00
-6.072512656289436039e-01,-1.084982240679746024e+00
9.683320955030263466e-01,-7.717158745289990351e-01
1.251267435192777056e+00,-8.655546944643404128e-01
7.400985815194469630e-01,-1.096215362079046685e+00
7.374250391850107889e-01,2.889781583511590868e-01
-2.116373594076963904e+00,2.728657117875031846e-01
1.755614387193374260e+00,-9.873565114088846129e-02
-1.397762133224085823e-01,-1.404065739643951760e+00
-2.329611551063250074e-01,-4.448246565165615007e-01
4.465812692361646047e-02,-6.524770540006366026e-01
-1.636023899060629061e+00,1.786523903352303932e-01
-3.209444515191847702e-02,1.784383951397001455e+00
1.330844371348102406e+00,1.778601518717094487e-01
4.229489794414264536e-01,-1.075102167299744615e-01
1.972239732369492016e+00,-2.986460235661734797e-01
3.445047564279759555e-01,-9.129096679444218543e-01
-2.009817603933557739e-01,-1.281810366255672129e+00
-4.975550793284322371e-02,-4.225751025335913735e-01
-5.888171250165072923e-01,-4.558327127558382541e-01
-2.878334407451851096e+00,-5.584536613569894836e-01
1.425016000653746451e+00,1.591806665923112263e+00
4.310760568920727343e-01,-6.571566290353796358e-01
1.320118300031863257e+00,-1.285872585811808078e+00
7.147536230613632524e-01,2.997556826286609105e-02
1.136721076474725312e+00,-1.006684119408364886e+00
5.606895021951869840e-01,-1.355144317109538143e-01
6.045670194686807442e-01,3.615250030371833789e-01
4.480872958497527647e-01,-7.545127507352944463e-01
2.055462324957472720e-01,-2.374448243374528145e-01
1.594213596290373902e-01,-1.020763049569111791e+00
-2.820438282861563173e-01,1.204020592275301560e+00
1.032112503153134409e+00,3.513704953317209889e-01
8.584308558132259792e-01,-3.366776524336657084e-01
-6.286010813789882912e-02,-1.761865562518829531e-01
-4.192801121835714184e-01,-9.701421829198627611e-01
1.925570622473997129e-01,-3.510579856334951621e-01
1.996093303439096800e-01,1.384069730220712779e+00
-2.074494849919021000e+00,-5.614070835794291586e-02
4.135698249679519156e-01,-5.576773247594283278e-01
1.483067646354898350e-01,-8.067871823482238858e-01
1.218852399560900190e+00,2.343428172629548334e-01
1.884403658519308578e-01,-5.283647564844397015e-01
5.171299488774279141e-01,-7.384228738853629848e-01
-8.276616220888346476e-01,-6.956898670604391155e-01
1.300802307940105429e+00,2.841603334055687879e-01
4.128928821365278334e-02,-2.460291527137752343e-01
4.119860170124345355e-01,3.202048050144947200e-01
-7.435916542143504726e-01,-6.453371225042169312e-01
2.063656827215079870e-01,-5.425085920153340791e-01
9.455598299343173641e-02,-6.791070273690903714e-02
2.818301600727229350e-01,-1.057541612237809403e+00
1.231907424781352622e+00,-1.014766771019761371e-01
-6.035066342127806127e-01,1.932468622606106301e+00
-4.805222127408226990e-02,-6.976329072241075346e-01
1.095261538227096487e+00,1.655383734693641751e+00
-2.256443681605718066e+00,-3.540509887390430599e-01
1.181587055928073005e+00,-3.241438907497273814e-01
-8.374100456112142377e-01,1.389904339790882126e+00
-8.033602322241442106e-01,-4.597688681370020736e-01
3.029226113232003637e-01,1.846659256189204346e+00
-2.253867038378744692e+00,1.669763354573297054e+00
6.129952236438934721e-01,-8.532298913581755073e-01
6.690177248165037893e-01,-8.069309423698721451e-02
-1.524321650200798350e-01,1.808485074541382520e+00
-2.202720411808263834e-01,1.751610791038609616e+00
-5.410079723336744806e-01,1.362585315015351517e+00
9.560657018108655869e-01,-1.163767815239049153e+00
1.071693514711821393e+00,1.901155343407410880e+00
-4.859635045518051304e-04,1.993261410063730921e+00
6.002613769538664990e-01,2.236684372878176563e-01
7.148990294779091759e-01,-3.188355259747522319e-01
5.961722129709473572e-01,-1.342419405323396431e+00
-3.991240552657529528e-01,-8.173869187146858284e-01
6.255113838478965071e-01,-1.420803818381205064e+00
2.471603489994225467e-01,-9.938929268265063177e-01
-3.879444507963811239e-02,-1.130643692860477806e-01
-1.156759095299226381e+00,1.694799452012773822e+00
6.492134406980433203e-01,5.051215347524217608e-02
-2.367268377607574692e+00,-1.814878944158371810e-01
6.829843748845308704e-02,-1.010450759996833536e+00
-2.468870290242306087e+00,-1.468824402897503656e-01
4.749180581944515561e-02,-1.967045205218923010e-01
-4.373780913835527140e-01,1.531462144998973374e+00
-2.807213697244822503e-01,-6.330045664753622958e-01
-1.702815154599695846e-01,1.779314780066757251e+00
3.696710048466507748e-01,1.522940245951487359e+00
7.854453656770761238e-01,-1.173084596974773408e+00
5.260437474130670310e-01,-3.481201376394394420e-01
-1.530959889229406568e-01,-1.093169224143705903e-01
6.323922006444908650e-01,-1.995536472501479586e-01
8.591121767507529094e-01,1.956766032113315124e-01
2.748110328656901968e-01,-7.906062822761860120e-01
-3.133818253282813160e+00,-7.724609009906667767e-01
3.554126862234869288e-01,1.629942212475659291e+00
-2.610058053159056146e-01,-1.862042484906395456e-02
5.328676377495220606e-01,-3.616626279186269111e-01
1.145312598111212637e-01,-8.696755557289084226e-01
-1.318510510439152295e-01,-3.208322381831518744e-01
1.457208318057602314e+00,-1.463006047633008677e-01
6.715731192729970100e-01,-8.774538152875712704e-01
8.936968062218483833e-02,-1.074776254969895151e+00
2.424041000919511801e-01,-1.044444487323258786e+00
-2.434560323270562598e-01,-2.638545985332282351e-01
-1.559673257250416611e+00,1.680460930721291643e-02
3.800279056772702391e-01,-1.139095375010964695e+00
-2.780017480507399608e+00,-3.870590283308870672e-01
1.045464616283957454e-01,-8.872151296611906490e-01
-3.317442039750122973e+00,-9.706820626805823943e-03
4.031947302018852874e-01,1.826483964759746836e+00
9.116298055118791099e-01,5.808649828535372706e-02
5.809990454412603533e-01,-4.440417077616579666e-01
-2.413470398151350338e+00,-6.681609836201157782e-02
2.189059744162048793e-01,-2.266199040330099668e-02
-2.240479926026387236e+00,-4.250530222635484634e-01
9.080703100467917011e-02,1.492263002236713598e+00
1.689512046848873350e+00,2.072769954615492904e-01
7.474283510946301279e-01,2.812040792642951925e-01
3.408014590541328936e-01,-1.329391326462383283e-01
2.503193065698330333e-01,-1.623940898712771808e-01
-2.816856485262222431e+00,-3.216687107200082996e-01
-1.134274487501810480e+00,1.535728248455598299e+00
8.276096563162593789e-01,1.705829973791835652e+00
-2.490380647182329488e-01,1.736259874868868680e+00
2.682189454296406983e-01,-3.328991416306650297e-01
7.308697745587338090e-01,-1.528863402112442260e-01
-2.018075608243849739e-01,-7.323895332604838382e-01
5.012778817913119411e-01,1.475448992947598237e+00
-4.853614433398083516e-01,-5.125054574821555908e-01
-4.913372998888557858e-02,1.879038684681450633e+00
1.889332008386488404e+00,3.329481861558504230e-01
-2.019921076799415238e-01,1.177757898416002424e+00
1.838837327613988826e-01,1.593659482049680554e+00
7.021128734005076533e-01,-9.048212312796832801e-02
1.638027404059380299e+00,2.442399276393836596e-02
1.277419917562973239e+00,-9.243678767894966120e-01
1.341536821087311537e+00,1.705368600178801541e+00
-1.045758755652995475e+00,1.639295227061165150e+00
-1.456810167410699797e-01,1.742849201224400346e+00
-3.070432376312084877e+00,4.249720714367494212e-02
3.372803139842142084e-01,-2.483030238974268666e-01
1.201552832204713095e+00,-3.540485973544944126e-02
-3.880483158284163681e-01,-1.352991771977025970e-01
-5.447167512098473052e-01,1.647682553665618554e+00
2.593385579822430898e-01,-7.912145806646431190e-01
8.439372505712615657e-01,1.930191974900817176e+00
-2.375413371056476652e+00,-2.252510778665594293e-01
1.020931139147078781e+00,3.393339901480478260e-01
-1.844202964377273379e-01,-6.959994458696228126e-01
-6.308233499086773888e-01,1.683923567606918414e+00
-5.753069850585351697e-01,1.478999102824846368e+00
5.554924734457709068e-01,-1.084722146606938553e+00
1.477154497329877803e+00,-2.547019209201960566e-01
-1.152495399197593473e+00,1.965120005083150101e+00
-2.592083780299085038e+00,2.899378695543581436e-02
-8.208985928275419619e-01,-7.233261012267786505e-01
-1.714842944625682986e-01,-1.113019279153604657e+00
8.722471606960987556e-01,3.944443741418583449e-01
5.255591354553185157e-01,-1.474060360807523562e+00
-8.831645186197632780e-02,-9.635122111148782809e-01
2.185420835716744004e-01,-3.177102243853644481e-01
1.449663647399893840e+00,6.564229261889246991e-02
-2.141665463768056110e+00,-2.600803437891563985e-01
-5.342188977543810280e-01,-5.344289594852270620e-01
-2.054332845312496492e-01,1.592067678014626564e+00
-1.499891800068947345e-01,-4.395649935939813790e-01
-2.240554042767009257e-01,1.671153172493038186e+00
7.731596389720245543e-01,-4.684445586442540499e-01
1.281477299464282016e-01,-8.433198706669395861e-01
4.595406201554815273e-01,1.146962170605037024e-01
7.175872496727063732e-01,1.774887119358495580e-01
-3.030166087910464157e+00,-8.194077944088212773e-01
3.093767777184940337e-01,1.646035204191055978e+00
-1.370691203591759832e-01,-1.088545646283972435e+00
5.530761587670939283e-01,-4.068523453937766265e-01
-5.760675217343556032e-01,-6.414596306795332659e-01
-1.775170330248812434e+00,8.550432904395410816e-02
1.677999493623592853e-01,1.482810514122339995e+00
1.556998826817194426e-01,-1.101061974520501474e+00
1.463740555497658580e+00,2.151833329975531561e-01
-5.119136269814494183e-02,-6.134104322177832413e-01
-1.140102091054459477e+00,-2.205639767911792282e-01
3.405608320367359831e-01,-5.166816010054172681e-01
2.178333198299274576e-01,2.627503002011323252e-01
1.049116524651603655e+00,-7.890099751690572427e-01
3.658862360881089404e-01,-8.684452963298774364e-01
-3.044866142329530678e+00,-4.127163075777151025e-01
-1.583353586280919212e-01,2.079196472086240366e+00
6.875690412896906523e-01,-9.924080096076118851e-01
3.984224430411900109e-01,-3.571311741388142891e-01
-3.066456154577619220e+00,-3.053237569335652268e-01
-2.341022918969173805e+00,6.039871701750344768e-02
1.589653764112646250e+00,-4.094370344440781961e-01
4.157109338185932534e-01,1.255422152690462978e+00
3.769694937613565222e-01,1.580808905976008205e+00
-1.616182913201009930e+00,6.341234760820395333e-02
6.438344104163644666e-01,-1.291908185574559997e+00
1.769165591143989635e+00,3.604437342200021988e-01
1.231902220590506136e-01,1.599185996943988108e+00
-2.603880293798239709e-01,-8.076870883701328108e-01
-1.869531906593715709e+00,-2.192104696210571135e-01
3.035948168928489510e-01,1.250434079946186383e+00
-1.608665209332545309e+00,-2.280471081812944223e-01
1.116246812369738883e+00,-3.358479347634040768e-01
-5.542954183532770029e-01,-8.029796072108810190e-01
3.757904162819977190e-01,-1.330526695486363042e+00
3.791047725411236802e-01,-8.740847558650535198e-01
7.830958494459531183e-01,-1.260673404842889589e+00
-5.312308696620601234e-01,-7.911829089024217110e-01
4.665402191806590215e-01,1.728931993677164769e+00
8.734474620901305775e-01,-3.176659075760208256e-02
-1.977336161071039600e+00,-2.346814308592637954e-01
2.345385038392268084e-01,1.677754890258345899e+00
1.196117399942769055e-01,-1.310349846691087894e+00
3.769135538230863336e-01,-1.441904354986470183e-01
-1.260202763312133767e-01,-5.141762127555597750e-02
3.999967884298545329e-01,-1.036726583646579103e+00
6.874838817748580855e-01,-1.904024484076417001e-01
3.441621947190587893e-01,-1.272351799674887207e+00
-1.935410021640564804e-01,1.680129662763531595e+00
-6.012813669832931529e-01,-1.288756461157632316e+00
1.505635520283629125e+00,2.803082386861541764e-01
8.941365074092559873e-01,1.552259889179815167e+00
1.016858528734928407e-01,1.473521303452818065e+00
-1.541412493344169188e-01,-6.100309999718721565e-01
8.815122979564320449e-01,-1.303542909090105728e-01
-5.803516830240785795e-01,1.224207927588564004e+00
5.519566008482107433e-01,-5.607628337248006245e-01
-1.054076943173864883e-01,-3.418325915991385355e-01
-4.460598336271859310e-01,-9.419385983451248334e-01
-3.409421490655613618e-01,-6.496113045346522119e-01
5.934334779089425194e-01,1.752592124371399607e-01
8.103310409330012343e-01,-4.616945448522214446e-01
6.020848054189118503e-01,-3.368403356682398431e-01
2.675496838031378721e-01,1.461365384418036317e+00
8.381170887461373287e-01,3.475818000841632283e-01
2.504020876126240164e-02,-8.099340410735477169e-01
-1.908268406424523111e-01,-1.043247051693827476e+00
1.048412180050132259e+00,5.520868715196547427e-01
-1.067518041260543116e-01,2.589986996076912296e-01
4.740347708816394223e-01,-6.079196621020908214e-02
2.797571962799139111e-01,-7.027073829747186862e-01
-2.543274364095666762e+00,-3.884214595512979207e-01
1.626820086171359758e+00,1.929974563812989208e-01
1.165034280583347570e+00,1.448123019228128472e+00
1.204993379660278391e-01,-3.548328656538163317e-01
1.173800469771648647e+00,3.462494217381357764e-01
1.684326138598712719e+00,3.249432384866370871e-01
8.127522378873999198e-01,-1.608248560588605991e-01
-2.240502005727516899e+00,-4.982317425394484217e-02
6.821174724149324520e-02,1.577888855776694799e+00
8.523068700312543822e-01,1.479991223183883209e+00
-8.471030166124852989e-02,-5.045978267621777924e-01
-3.068216937748480255e+00,-6.802208338101416174e-02
5.118110352256517448e-01,-8.672089552021771119e-01
1.379114537913212368e+00,3.525347040227175266e-01
3.031201115898589094e-01,1.906168179524016182e+00
1.318124869758726003e+00,-7.767578396259194884e-01
-3.629387193187053606e-01,-1.067905554551201508e+00
1.202027207492806893e+00,3.929565913207716532e-01
5.739271299993307096e-01,1.542890379580057258e+00
3.825873072332138247e-01,-6.711351456610429311e-01
3.081183472805572587e-01,-6.269219202776656896e-01
6.961721376422000951e-01,2.709386327863042357e-02
7.694313750935430907e-01,-3.301582706750647023e-02
1.512805102786928153e-02,-3.662052228028901957e-01
-8.921145439524995613e-01,-1.002845259175738857e+00
-1.959597914975591271e-01,1.538079090783887048e+00
1.121661234075922442e+00,-1.114313222107777390e+00
-1.376860621681806673e+00,-7.763179397209554189e-01
-3.005089181158008493e+00,-3.222952432221400376e-01
3.100596274135261066e-01,-6.894283037279089199e-02
-2.731609361827090909e-01,1.410335510834614059e+00
1.090124119306512096e+00,3.038716662582884864e-01
-1.372727100904231223e+00,-1.869123055870240135e-01
-4.452434911979299276e-02,-1.082017879364047586e+00
1.494827520469029336e+00,3.788388195308913242e-01
2.284075640961953646e-01,-1.409394270778566716e+00
-1.857559295376929598e-01,-6.675087994290632709e-01
1.221947183614334520e+00,-3.041302268276752443e-02
-8.751434511382856496e-02,-4.709565373062136739e-01
3.385351873320797261e-02,-2.538872604799886634e-01
-9.602979653785868042e-01,1.282782620912829019e+00
5.367454794745643021e-01,1.674138923558366576e+00
5.242373522036781336e-02,-2.905059455978960536e-01
-3.404044457787575584e-01,-3.493068041723853545e-01
-2.394558111718953608e+00,-2.884629025816372039e-01
3.233703782888638911e-01,-1.708138361639700564e-01
1.366839646862727964e+00,2.580138538627516631e-01
-2.668487846042230105e-01,1.999653481706873182e+00
-1.562494704647856072e-02,1.708234311661886995e+00
4.182808429796411320e-01,1.895291774302886534e+00
-2.954217344678871648e-01,-1.300744177742736873e+00
4.866204782875690471e-01,-5.256689821581541494e-02
3.463597311979605409e-01,1.748179394333621683e+00
6.923338291257251642e-01,-7.286982761551713539e-01
7.594144351123106595e-01,-2.648003083740913532e-01
1.000597603406237601e+00,2.488689369772061066e-01
4.592012714399963946e-01,1.306213788238606677e+00
7.415662522725972039e-01,-5.005754563334725571e-01
-3.668354300022463876e-01,1.573763395216788874e+00
-5.118746745798551379e-01,1.406295227346632926e+00
9.296818529841209822e-01,1.444002268408245693e-01
1.350111887615041306e+00,-1.000068908733086070e-01
-2.606864915755005563e-01,-4.889561549456431511e-01
1.364756660555085155e+00,6.190510122773146273e-01
-4.399209199109552215e-01,-8.853629534043662153e-01
-3.020254732012179311e+00,-2.021863162410186820e-02
1.963930239125791510e-01,-1.175275539039013273e+00
1.379229422699953744e+00,-1.264004086587407483e-01
-4.582735368361428585e-01,3.618604306864325326e-01
-1.469791471955947726e+00,-2.947831426876596495e-01
1.398095922677427549e-01,-8.421120657461121928e-01
1.223327678047006623e-01,-1.093291056489068991e+00
-1.858420682082981557e-01,-1.494568615344623819e+00
8.245775406325659418e-01,1.478054216738694304e+00
7.663144960894251456e-01,-5.171468350161175787e-01
-9.132582952456810288e-01,1.899432299646527156e+00
-1.215220763154395645e+00,1.530998614316365858e+00
-2.532305254103604103e-02,-9.988891674561356515e-01
5.537457885204160046e-01,-3.115345342648944693e-01
-1.225154579270934518e-01,-5.560870052907700423e-01
-1.723918211536649980e-01,-7.233515502217295889e-01
-2.902176309587495062e+00,-5.055428384308767731e-01
1.503528515214220818e-01,1.936487457682074087e+00
7.561862990836533127e-01,1.556965843622111434e+00
1.043632520807052932e+00,2.101775997785900518e+00
2.090508528830350432e-01,-2.982280894381613701e-01
1.249943593789308194e+00,4.753839948764557732e-01
-6.428950223141945974e-01,1.417306725102734033e+00
-1.552223841606039878e+00,-3.418455815359129346e-01
1.668246101817186799e-01,1.672153075800091981e+00
2.681996114907805873e-01,-7.165841556504402021e-01
-2.464051369207240327e+00,-3.346008386857488026e-01
7.144597769689344791e-01,-6.177493947347533210e-01
7.719996700662768996e-01,-4.137845895258331352e-01
-2.335080357568516951e-01,-3.612147112998014276e-01
-2.807733235930244931e+00,-5.393327124355589142e-01
-4.387418556990527185e-02,-2.799099345798075067e-01
-6.151802349967064321e-02,-4.688002368958504307e-01
-1.105713620219896054e+00,-3.943361900047319124e-01
-2.725436310816964802e+00,-7.675906610992172530e-02
6.263284279278243938e-01,-8.458108667609476328e-01
-2.054198031072834496e+00,-1.876403783346789200e-01
5.683791751613402887e-01,-1.177643930939175965e+00
-1.033199272334129060e-01,8.927987837525845627e-02
6.434223965996697103e-01,9.398901570026864383e-02
3.174859975279993307e-01,-7.063240389070620795e-01
9.480819290664309340e-02,1.579170509765407404e+00
-5.889677623126691186e-01,1.906913571351281700e+00
-1.498318889486673425e-02,-3.894907965060182553e-01
9.142023810662787409e-02,-1.559064112433964810e+00
5.101272950158112218e-01,1.572685771246653097e+00
-3.238670801066127758e-02,-8.206470522590492145e-01
3.920368816637698206e-01,-4.570779959745217003e-01
6.722330612364507685e-02,-5.347495649065211465e-01
2.646872240533530984e-01,-7.350238081794663314e-01
-2.628147512302383415e-01,-5.247088560307229255e-01
-1.326516389172867905e-01,-8.050667188596578594e-01
2.384576032896959241e-01,1.400272901813140569e+00
-2.380353616853062848e-01,-5.909544754786828502e-01
-1.361754912676235829e+00,-5.920234122962071688e-02
3.097239141802288209e-01,-5.423033417446115889e-01
8.770881038317820400e-01,-1.462867333810971227e+00
-7.234228503729281945e-01,1.847980204331728160e+00
-4.673970856199504698e-01,-4.051106271621492394e-01
5.390375907132579636e-01,1.317437711431213021e-01
1.325380165994730630e+00,1.822511296569404859e-01
-3.688367034346994866e-01,-1.266935099133790654e+00
2.422436050928678530e-01,-2.818453758872164205e-01
8.195331395940133046e-01,-1.952098192052516556e-01
5.702297130508137135e-01,-8.437530665321918422e-01
-6.320677441975947053e-01,-4.295980785034689275e-01
-1.514692409116931149e-01,-8.709916865294089483e-01
5.373132850094767266e-01,-9.016194460427288115e-01
4.636587795180033833e-01,1.648034391024540524e+00
1.510074952633987833e+00,2.140906358830088063e-01
4.998697463513512851e-01,-3.554294743530085343e-01
7.266578599934664373e-01,-1.711888653735878230e-01
-6.108546011524524921e-01,-4.327182184012949295e-01
2.420724424428528643e-01,-1.311413491756859617e+00
1.613909897423911888e-01,-3.658544351177531184e-01
-2.202199861184880314e-01,-5.042782963085279402e-01
-2.334473367106857378e+00,-2.128760096718751993e-01
4.372458334158647875e-03,-3.448766528414969335e-01
1.570242255740208481e+00,-9.560260147373765838e-01
1.099667264878782413e+00,-1.148229528859416176e-01
-1.039589803093576847e+00,-8.434687752898093471e-01
-3.590878162067403512e+00,-4.661745296227989138e-02
2.407494724351118623e-02,-3.743263808503815016e-01
-7.479017887767781814e-02,-8.796416716349850784e-01
4.400486946716819503e-01,-6.888096845887318187e-01
8.461860191029738770e-03,-5.349940033923804572e-01
1.553085153027177423e+00,3.000264386747644174e-01
-1.498203194950631589e+00,7.573173017350132152e-02
1.669166182130761955e+00,5.925054369058290610e-02
-3.840266621069952091e-01,-1.329301164493637222e+00
4.810052482348615155e-01,-1.059162848595319950e+00
5.396255386124177988e-01,-8.876039091311942464e-01
3.111968960347388791e-01,1.367036780771401006e+00
-1.381956078323555714e-01,-4.852460095344143798e-01
4.926988149421882013e-01,1.189706668542699630e-01
-2.063224542124124650e-01,-7.874695544149666881e-01
4.088363668304422771e-01,-3.802417008247409025e-01
-5.151718838369117037e-01,1.670183127170456805e+00
-3.622904274450128304e-01,-1.124354409245665654e+00
6.709680798559305992e-02,-1.034024643626814788e+00
2.145471201442656906e-01,-1.519162034522917454e-02
-2.454286080678051429e-01,-9.574659121762076897e-01
-5.718722076504709553e-03,-1.074893356073088224e+00
4.404778260235618637e-02,1.786608694484179471e+00
2.764330687781634821e-01,-4.487749191516027802e-01
-4.717740640339657676e-01,1.091935411215011920e+00
1.002355200638548327e+00,1.835556750184307861e-01
3.688291804226644377e-01,-3.733128736378453216e-01
3.885911117621253519e-01,-2.871090178072313037e-01
-1.623349092565627538e+00,-4.536850985045123852e-01
1.446291359989204217e+00,-1.621561077305230802e-01
1.362628821985376160e+00,-2.787406455910770853e-02
-4.759763930907487950e-01,-8.990371606678446148e-02
4.049916120202277092e-01,-6.965766083515345652e-01
1.291279070602222197e-02,-7.940338348198232588e-01
-2.526881063210426048e-01,-1.005883970772719849e+00
-6.303870337191554984e-01,-7.067859927395147013e-01
-3.379197765581730462e+00,-3.357922633103653243e-01
-9.296742153454189417e-01,-7.571994001255607509e-01
2.273938774225005566e-01,-4.847003942868674531e-01
-6.258095557475108484e-01,-5.974533989480720342e-01
-1.230628398481288910e+00,-8.126407447397758776e-01
-5.042364617596138965e-01,-8.654454512316588355e-01
1.067901088989229086e+00,-1.211430998808828097e+00
-1.257588007189746337e-01,1.934726674924717615e+00
-1.005600979996251754e-01,1.835246116981117837e+00
-3.511419483840263478e+00,-1.371478782144749248e-02
3.044360160804631676e-01,-5.247894077330764739e-01
4.694179421013279230e-01,-1.112837602034138618e+00
2.298546687666077892e-01,-5.423626478066735368e-01
-6.114564086422566991e-01,-7.703150111795886712e-01
1.424242105890001497e-01,-4.159583685546172638e-01
2.565405350591963285e-01,2.212718605340847078e-01
6.174958772904562410e-02,-5.787867223457511257e-01
4.821689194998022843e-01,-7.491536785787487052e-01
-5.373262892596561979e-01,1.769354963994786978e+00
-4.324773865795043526e-01,1.659295847879127983e+00
1.402807416123965867e+00,5.281305212684532790e-01
-4.031463218563295925e-01,2.142609366770966250e+00
-5.386625047191800908e-01,-6.424952529242464738e-01
8.911093259913933640e-01,-1.337585051578406570e-01
7.971231136316279109e-01,-1.159657349829961603e+00
-2.118706095572303050e-01,1.558648569333276557e+00
-3.520420660506347055e-01,1.895427789494152693e+00
1.549278226349124488e-01,1.888591407121060550e+00
-4.366028060558559409e-01,1.361653270356475209e+00
-1.527194075817450980e-01,-7.354011440598263727e-01
3.530161054015503175e-01,-6.611687780809886172e-01
-1.560345882866631950e-01,-1.177134539242228328e+00
-1.108347764720257089e+00,-9.636156589040590914e-01
1.000941123225278284e+00,-2.826741591003843479e-01
-6.496183627434787278e-01,-1.051362827294909152e+00
-4.230825671112482533e-01,-7.003811803204209596e-01
-9.214801791821479460e-02,-4.382135955211580169e-01
-2.365976582702787323e-01,-7.713841377681228684e-01
1.184151541834271626e+00,-1.415537733792858466e-01
6.225009100491643022e-01,-8.437277071305933074e-01
-8.507896712067536393e-01,1.436446519254965137e+00
5.605056675486682627e-01,6.006548144304168363e-02
-2.858944178028292593e-01,-4.737367523660896973e-01
3.737184165915402589e-01,1.645635417486243757e+00
1.979729499937831622e-02,-6.993011970083314877e-01
-8.888350587561621996e-02,-6.603188100098603686e-01
3.227628220181071317e-01,1.545788704005622849e-01
3.751455436394980358e-01,-6.953236939300136976e-01
6.633967166587024789e-01,9.986285387712526274e-02
2.358502559195624904e-01,-6.740829638923543365e-01
3.607152244541450004e-01,-7.836399939306851747e-01
-2.375088296456832726e+00,6.658925008993277217e-02
8.946674610177174358e-01,1.237593761101770523e-01
1.394272413327183768e+00,-3.530406068520318130e-01
4.965864092450771317e-01,1.538666907605089396e+00
5.803970137655413142e-01,-1.330860250983909587e-01
7.190391688675348281e-01,-1.403954384844088077e+00
1.935355829598291999e+00,4.042125723092368506e-01
9.979496311457252133e-01,1.460729952839835200e+00
9.667930100625010681e-01,4.546737116783192700e-01
2.585883965959634434e-01,1.853213406227683269e+00
6.798732614379894290e-01,1.330960633920780900e+00
1.276932240692524978e+00,-1.654009322617420452e-01
-3.180749251821395895e-01,-8.766785187823050718e-01
-1.894613231803437436e+00,-1.120208567102867481e-01
6.151690226196221412e-01,-9.288265771416804872e-01
9.259703100692789901e-01,1.664186568953530121e-01
-2.948831061851997060e+00,3.577246843070857468e-02
5.310883430417291662e-02,-8.978187983881318335e-01
-1.633847204709978074e-01,-8.234489386497708674e-01
9.276818615316283489e-01,7.231521837691955168e-02
-3.303114198905170884e+00,1.080090800728845946e-01
2.781942701923432182e-01,1.880531937377859952e+00
9.249078886801563870e-01,1.283711596590371595e+00
-1.007494928324437877e+00,-1.396104240783193173e+00
6.703793085263922702e-01,-7.404375531902478436e-01
7.053438463519979829e-01,-1.293039951287527023e+00
7.594939222069817530e-01,-8.076761521353678641e-02
3.896149112177859086e-01,1.557029772230347886e+00
-5.994825740096220573e-02,-8.847325092962475823e-01
1.277629459284475022e+00,1.423281127513131850e-01
9.978835284204672362e-01,2.152774366381461357e-01
1.507752715313072533e+00,4.615236816439057810e-01
1.072006215453486400e+00,3.417887733001028772e-01
1.904230316604718365e-01,-1.116669893642689315e+00
7.633545690490468605e-01,-1.159659973868865546e+00
-2.074300264657299220e+00,1.906122356305000320e-01
1.350454249760087544e+00,7.510126197237973478e-02
-4.711828855828174845e-02,-2.446167647294221204e-01
6.749854897684841315e-02,-2.725274516584767492e-01
1.313226736182178778e+00,2.438181572894120297e-01
2.201643333747755615e-01,1.698331658089992313e+00
4.389805741948675788e-01,-2.201157459050302051e-02
4.460613488621824330e-02,-8.689029506635296274e-01
-1.071794724145621741e-01,-7.633022687021032704e-01
-6.674223702686955806e-02,1.805693334833743391e+00
4.216620833969185189e-01,-1.462791405342325213e+00
-2.257386989785741260e-01,1.070079345883513250e-01
1.138215153340510488e+00,9.254558974470135368e-02
-1.176465786471889430e-01,-1.251883332812255611e+00
-3.413401709941886186e-01,-9.203354695912651096e-01
1.833079600050114277e-01,-5.094612426154986329e-01
4.039846278390089168e-02,1.584082590445455185e+00
-4.143989817815899035e-01,1.818893923780955824e+00
-2.065960119022257901e-01,1.314481868997110725e+00
1.699138077849230877e+00,-2.793831220455549325e-01
7.150173213916091175e-01,-2.962715238503775828e-01
5.973659587421711326e-01,-6.670484826759011110e-01
4.094512265652667377e-02,-1.425318892425375461e+00
-6.648228274339887389e-02,-6.066976241837613859e-01
7.406503760320864993e-01,-3.988145690137444299e-02
-1.398155968050132092e-01,1.692815100203500345e+00
7.069506619138654635e-01,2.454754683220616018e-01
-1.937362074449749116e-01,-1.629632144864227250e+00
-5.192533026413893582e-01,1.818072983353243632e+00
-8.346547964489620108e-01,1.271320206453208534e+00
3.101236771684211593e-02,-7.544420582390780616e-01
2.958312411315856538e-01,-4.945990968069300942e-01
-1.669486605607712448e+00,-3.914854666575217634e-01
1.177076974923850078e-01,-3.091889210169506685e-01
-6.529526501534080873e-01,-7.676153006631459830e-01
-2.974761675757776613e-01,-5.578322522699360464e-01
7.942128683917035747e-01,-3.549895048746131154e-01
-1.716734701643284566e+00,-2.582739402427335906e-01
1.851829892908935404e+00,2.364107261459278547e-02
1.553150334833054980e-01,1.606842948159299622e+00
-3.824357250341479109e-01,-1.215076923134274178e+00
-1.180195109075515003e-01,3.498407099605308490e-01
-7.120804159886435780e-01,-1.216061741856650613e+00
-5.811469948339277325e-01,-4.195656948493866056e-01
6.700245295397729839e-01,-7.559343749648614885e-01
-2.825068000626052567e-01,-1.698860598974153702e-01
1.135685562946716631e+00,-9.147704701470538158e-02
1.535316376423562001e+00,-1.567212479754388765e-01
2.673408659608635385e-01,-6.745444538585915195e-01
-1.534923357827347790e+00,-2.515980922564474698e-01
1.165493717484127056e-02,-4.652605176130686915e-01
-3.887227347357973817e-01,1.922297321606749376e+00
-2.221857326910326447e-01,2.050940285969841792e+00
5.185381199751589731e-01,1.034895282218176282e+00
5.196209468204973092e-01,-8.186999654020639117e-01
5.736381743790895937e-01,-1.989460839121769131e-01
5.588786364263157447e-01,-6.503527241231512601e-01
1.012199799176131565e+00,-1.339006867187923833e+00
3.806748737343344513e-01,-8.548589172207707310e-02
3.289510552425239376e-01,1.969851467113453047e+00
6.900591656275898433e-01,-6.126381183388247553e-01
4.572583414086188736e-01,1.525060992352362810e+00
1.183090380216067272e+00,-2.094674055910966393e-01
1.161159399495218958e+00,-1.480052505247085315e-01
-7.406483839372406397e-01,1.692624740534671268e+00
3.579203532692586398e-01,-1.220562148177125814e-02
6.933909547858509992e-01,-6.735925834773380805e-01
-9.231630834780872596e-02,2.174923579672657148e+00
7.802422056708466780e-01,-2.157842077257517699e-01
1.535827850082358781e+00,-4.609824741876136223e-01
1.007307629496716261e+00,-6.900421730009428378e-01
1.334786551086977413e+00,-3.648906425479240823e-01
1.786026551941986895e+00,-2.655013530376409275e-02
7.491253843273801283e-02,-1.340905124016299910e+00
5.254501246515561608e-01,2.458532878593282789e-01
7.692734716513668358e-01,-1.177451123189544147e+00
1.226468110330013461e+00,-1.565731555487916843e-03
-3.265751137406409654e-01,-5.232105125288339931e-01
6.088245473260963658e-01,-1.304312349806561466e-01
-7.058191822896947576e-02,-7.713202170668791435e-01
-6.999868117196973716e-02,-1.397406672846928988e+00
-5.196826614190787064e-01,-4.610507630031316362e-01
4.062669140250089739e-01,-1.050939156691930387e+00
-2.500798771669445753e+00,-4.146589859608407029e-03
-2.573844352584166995e-01,1.629088483435217727e+00
9.109945970522895786e-01,-7.985206801427109646e-02
-1.192207482946036762e-01,1.581870409189793714e+00
6.718051397055564422e-01,-1.843797035562276185e-02
5.889311607729100784e-01,3.503277973975312820e-01
4.576101012658090328e-01,1.157616222387750637e+00
-6.409218590557806162e-03,-1.043028280761329585e+00
-2.333282245872805305e-01,1.843355609656087468e+00
1.421338966774656543e+00,1.470390875793144703e-01
4.931957518803783413e-01,1.695416176236868910e+00
-1.864194489816291433e+00,-1.253966416028917674e+00
-1.037624702107004275e-03,-9.061302653597307355e-01
-2.645344697851308435e+00,-3.127341006730225970e-01
-2.688931877077265220e+00,-2.777263424112906831e-01
2.670675535091580621e-01,-1.207516258647359564e+00
5.068928291183214530e-01,1.589876725842265470e+00
3.018700268091501493e-01,-6.801402931815734298e-01
1.412928919966524477e+00,3.356092176088548706e-01
-4.127353404435939177e-02,3.862475763619662716e-01
8.363198572648861129e-01,1.078987897313035127e-01
3.585602101561293220e-01,-2.104061161808838676e-01
-4.102654355691863763e-01,-6.004089114707100716e-01
-3.581011141524554353e-01,-9.912344695648953596e-01
-4.792538939610949678e-01,-1.056892249437304532e+00
4.750767046292205253e-01,-7.989494362203425348e-01
-6.046893825285027946e-01,-1.066547121793467223e+00
6.129489436306057720e-02,-7.339630049541093770e-01
-1.009791878885886174e-01,-2.768709273466986032e-01
6.326359770205431943e-01,-3.116730302513465861e-02
2.429722390146525912e-01,2.119544348815730839e+00
-2.552380330170617828e+00,2.832141908638693972e-01
-3.888448220951993273e-01,1.708390757497670220e+00
3.353930294329207640e-01,-6.117333219006806377e-01
-2.856366870836421601e+00,-1.687870617534986406e-01
3.695286193827447274e-01,-4.720221421502423520e-01
-3.420755486388121769e-01,-7.413510892870944780e-01
9.322695736001861411e-01,1.659593079795774750e+00
-6.162094113269500628e-01,-8.927923138059138397e-01
9.032948216516309414e-02,1.573795013514591501e+00
2.191517939075624810e-01,-1.732188854248615725e-02
-1.018068772545041911e+00,-7.189978007458648346e-01
1.425881204344514153e+00,4.310718061847537003e-02
-4.471733395370647290e-02,-8.988007135527839031e-01
-2.082355243896840680e+00,-4.562281778070405025e-01
-9.510320429893015515e-01,-7.975231160103105621e-01
4.901215561926802744e-01,-9.441954531534439699e-02
1.500262789112062567e+00,-1.984098115966622874e-02
4.341067657314551798e-01,-6.498858125181810053e-01
8.362810765770791743e-01,-6.838628230133424468e-01
1.094578824664789840e+00,-9.287586909207392605e-01
4.882198487146449661e-01,1.945259200524082965e+00
1.438049713948756081e-01,-9.355464624487992709e-02
-6.160186841390847823e-01,-9.219265338090765205e-01
3.543751283725671969e-02,-8.362258094484031901e-01
-1.175916548553040814e-01,1.742662028072855085e+00
1.113420564616376618e+00,1.958476305212936697e-01
2.391972530092743021e-01,-1.546005835561376163e+00
-2.093399499771504857e+00,-4.354711183932711838e-01
5.739431159359825729e-01,-4.937644915172206134e-02
1.213200687717461479e+00,-1.645463409657081377e-01
6.684100679713516069e-01,-1.508260038367663647e+00
-3.559813436689545085e-01,-9.470722285652712902e-01
2.447795686010475480e-01,-3.835054443689463466e-01
-3.351002960766241712e-01,-9.835916840246251569e-01
3.790220098381433950e-02,-7.680003091443419194e-01
3.721791358476448375e-01,5.054056082896125623e-01
7.780158073542967623e-01,-1.230073971558271584e+00
-8.335974223557865992e-01,1.739630110618787029e+00
6.473469008062003871e-01,-1.130127440244583115e+00
1.437864581824405352e+00,3.314868474255944913e-02
1.021797207563313742e-01,-4.883497895032122282e-01
-2.078041542821113252e-01,1.899570825399162333e+00
6.192809569928661162e-01,-7.990943052611686193e-02
-2.074316545330156192e+00,1.100872354992868396e-01
1.105260182110403333e+00,1.948360175668051975e+00
2.699743577107145409e-01,-1.088561563384249364e+00
-6.431132333819555846e-01,2.055567208322833572e+00
-2.108307961707549336e-03,-1.318956799408089298e+00
-1.086839738135424005e+00,-1.149128211250867837e+00
4.093944043822024259e-01,-9.387836642424263189e-01
6.176235675757543175e-01,1.834783789334010429e+00
-2.857370901169540733e+00,-1.697078196185630716e-01
7.307473799518869884e-01,-6.099448036908684534e-01
-2.687443215058330725e+00,-2.630757913122605887e-02
-9.393868833364286963e-02,-1.070336860381571054e+00
-2.109393192391201932e+00,-3.699878848412944121e-01
5.040950595431986647e-01,-8.922798267351771395e-01
-2.682154433697751458e-02,-9.995327582023513235e-01
2.730553384986151855e-01,-2.921079789238580082e-02
5.952672637348073170e-01,2.288895365837861906e-01
2.284201598093935359e-01,-1.636866317918006519e-01
7.075035496773590671e-01,-8.104105434775570049e-02
-4.439596666330052899e-01,-7.658734166366297780e-01
6.388894790325681805e-02,1.780305339333052350e+00
-2.056007042037371502e+00,1.783746862592634763e-01
1.228369291290684728e+00,-1.608163760206209880e-01
-2.376566641705490035e+00,2.287324682557102529e-01
1.645466435695118301e+00,4.863235345230331186e-01
6.145557227179958559e-01,-1.061500618126216766e+00
7.919683778088585369e-01,-7.762925751513303219e-01
1.040156646632353521e+00,-1.108735889615872106e+00
6.556583189996735284e-01,1.863635890445610954e+00
8.806034604612431593e-01,-3.704316450299372648e-02
-5.424761052342206291e-01,1.538146792996534229e+00
9.455077138830220163e-01,4.161147193260903987e-01
-3.174843280297915543e-02,-5.664712216228710157e-02
5.551016743025456723e-02,2.045505731902293789e+00
-1.303993291163653589e+00,-6.864918631686993677e-01
1.335300867339722863e+00,3.328829154724630146e-01
-2.974970771382812185e-01,1.600104775894639619e+00
8.699012119951865518e-01,-5.629597379562781834e-01
-2.269443081260723305e-01,1.649715396363277131e+00
7.793641314733583680e-01,-8.195617905880702159e-01
1.796314825310898478e-01,1.795301335953733979e-01
3.634222740957697151e-01,1.672863469515608881e-01
-4.907359154331736861e-01,-7.547576693542830117e-01
4.129109898938589096e-02,1.752448762492157419e+00
1.016454477164506986e+00,3.334302213657483471e-02
4.804435236046445401e-01,1.519184976350093086e+00
6.102625424177965385e-01,-1.023310628906047182e+00
1.165992469544654186e+00,7.249061523684524611e-02
3.953984801613317224e-01,-5.327251482514413494e-01
6.188026614880918208e-01,-4.904451994001794435e-01
-2.220841427301524895e+00,-2.836784025981818336e-01
-2.300146491941185367e+00,-1.092963400956918907e+00
1.212593979374778641e+00,-1.652682848089358780e-01
7.355648998464995314e-01,-9.060154999859982849e-01
1.089472455348848179e+00,-1.917555208480672957e-01
2.537057204943515831e-01,-5.835621382095227405e-01
-1.090599948657879764e-01,1.754865353068088218e+00
3.075678067277566319e-01,-2.127368001884340776e-01
-3.837956507640105097e-01,1.497295438874238549e+00
3.050608744619474066e-01,1.551258614841073857e+00
1.014195023061020384e+00,1.329713553831087580e+00
1.597804447253834970e-01,-4.457599631179645638e-01
-2.420936991910964398e-01,1.910947966305662327e+00
-3.769202205033248682e-02,1.701195049040682417e+00
9.072849167765206779e-01,-1.070897934198026036e+00
-9.118190251236787391e-01,1.702360682690516880e+00
5.470520022640990021e-01,-4.802220162421475674e-02
1.656252161760643493e-01,1.902596154117540683e+00
1.284021134406091447e-01,-7.204485128907143210e-01
-3.137444749102642927e+00,-1.185529751026240253e-01
-2.517891276519615973e-01,-2.190212844485826260e-01
-3.429927525520756748e-01,1.692168541074565713e+00
1.044579184997966870e+00,-1.378065564346296012e+00
4.738466210361189646e-01,-8.876077747018958908e-01
1.216319686108727316e+00,4.310968317362378066e-01
-6.661612878832436913e-01,-9.653456317484561122e-01
-6.621825119391651082e-01,1.542970545701755292e+00
-2.179622871574600218e+00,-4.329657883880296820e-01
9.800486410675335325e-01,-1.093932863399407873e+00
5.929222941139666858e-01,-6.253620266227076785e-01
-7.350473695084810410e-01,1.624912195615753507e+00
8.360668186919393285e-01,1.053468180682511947e-02
3.480626545920388337e-01,-8.767810203253681989e-01
-8.682357616177329568e-03,2.074633482243093408e+00
-2.780978374714110912e-01,-6.446345359706663336e-01
3.015187930685703233e-01,-1.473731359604640023e-01
1.350777000940101669e+00,-6.863281753585501188e-02
1.778061929359668669e+00,2.237618041723659634e-01
6.823196716846195997e-01,-7.973094488267580271e-01
2.054815719721877210e-01,-6.964958648327539414e-01
-2.283549633281562949e-02,-1.159666695849343121e+00
5.989688144676864612e-01,6.838589581164640219e-01
-5.822472131461861045e-01,-1.289844085320085210e+00
6.974173529869844845e-01,-1.176457271124165871e+00
1.025338730571669466e+00,-1.705698773910138133e-01
-3.255620253567911293e-01,1.225295662366794103e+00
1.524637172235962845e+00,1.443941386696454832e-01
-2.972132156441942730e+00,-1.937767276465066080e-01
6.774134301507681588e-01,-1.379248986585425829e+00
-2.635559830672100090e-01,-9.672256502931954047e-01
6.061100768168637964e-01,1.627150611640298394e-01
6.612469703104736363e-01,-1.242417202791308295e+00
8.538680624159266097e-01,1.896495477169581667e+00
8.939932239475534281e-01,3.730619435794802485e-01
-1.298210753615243851e+00,-2.277070466220439127e-01
-8.859424039065467715e-01,1.617042988075167553e+00
3.411065546504889467e-01,-1.010668232139188882e+00
4.139489587048370556e-01,1.840897794105709639e+00
-2.204259709464029715e+00,-3.937153432762136029e-01
1.198218658184070140e+00,-4.173761947758057311e-01
-2.681199132344069813e+00,-4.932452660062446731e-02
4.636523683711325505e-01,-1.364309484922179960e+00
5.579551749795081950e-01,-3.995434162648848764e-01
7.363218638811672712e-01,-8.830123879968112544e-01
-5.042365820444225655e-01,-1.177751531027732140e-01
6.856912468479181566e-01,-6.580138920776729128e-01
-1.538763598730696069e-01,-9.150853308585610302e-01
-2.735551924316775158e-02,1.580667837087256666e+00
6.325417619226403332e-01,-8.407854297654911158e-02
2.713510509033791318e-01,-6.638300584793396242e-01
-2.627577197560682087e-01,1.950471639806558688e+00
1.085689260236330611e+00,-7.290123933233688680e-01
-1.853047631130563255e-01,-6.597645373809932767e-01
-1.938308836882838074e-02,-5.552646363529124551e-01
-1.016771848799003397e+00,-1.152359723000395270e-01
6.952235964616698682e-01,-2.170907205794178063e-01
3.118771792752116356e-01,-1.092758319167778797e-01
-2.856265030501746072e+00,-1.178603332612169902e-01
6.685085719406531624e-01,-9.538966458664047687e-01
1.603491988056757744e+00,-6.703787047613503081e-01
5.309598379180919814e-01,1.620446890667539330e+00
2.545036391509116203e-01,-1.183437888429381468e+00
-7.605168615603865589e-01,1.434668475955555467e+00
-2.971119702031628229e-01,-1.025719380665879976e+00
-1.481413068223439988e-01,-9.652065172944184201e-01
2.250755156390899236e-01,-7.424227819475676116e-02
1.076041856578112965e-01,-9.015653057339867438e-01
-2.034822413683797515e-01,1.493168205797354098e+00
2.340656797155532820e-01,-6.934473926039599334e-01
1.718723050236759642e+00,1.103501423335550291e-01
-1.066781734287946204e+00,-4.588094779449575777e-01
1.207019550151172405e-01,-3.007604923311739120e-01
-1.694958572608702696e-01,-6.548224014848074148e-01
6.920177433058012362e-01,1.266228058016896751e+00
-1.941927026921264510e+00,-1.698299418423422635e-01
-1.859020102655998485e+00,-3.706135524237456069e-01
5.018529938819201730e-01,3.987543252196961707e-01
9.266151576592525085e-01,-4.159895786831881992e-01
-2.037102713152685318e+00,1.959384965838358583e-01
8.763315243812157540e-01,3.619147146438561058e-01
6.125287851467589029e-01,2.503284302681610951e-01
-2.792916502258749323e-01,1.907973167902196732e+00
1.209907237355473786e+00,2.347759653569839455e-01
3.494782247350683435e-01,-1.183247542811351360e+00
2.740008001146232997e-01,-6.568596360310059445e-01
-3.027181560641932556e+00,-6.262934296753097652e-02
-6.933137323125364571e-01,-1.261342867202235540e+00
-1.113494226399864395e+00,-9.995676072478079099e-01
5.211104278770566367e-01,-1.512531023457432122e-01
1.192378876829481849e-01,-1.310938789832155393e+00
-2.452992166298847698e-01,-1.158602743333370100e+00
-7.743315197590175947e-01,1.548476898050312967e+00
3.964835397466166533e-01,1.965112760028369321e+00
2.247572632918855007e-01,1.732288459354415222e+00
-1.343982648063925533e-01,1.578778038313981558e+00
7.764590064658187796e-01,-3.737220744053962318e-01
-2.718832420785544990e+00,-1.018861724949783748e-01
-2.541361488598306573e-02,-8.565741817476580922e-01
9.490767286034124117e-02,-9.174565672255581283e-01
-2.093617164413998921e-01,-1.330335439647483797e+00
-7.776529813570080829e-02,-1.148918299053693248e+00
8.173314270047588037e-01,-1.041840656897435213e+00
9.666687534275003602e-01,2.466098493991553120e-01
-2.008482276899640762e-01,-1.211894930226673051e+00
2.477702384081176268e-01,-7.367995550135484351e-01
1.706497050411830974e-01,-4.368510829577969545e-01
-6.124570751726591267e-01,1.609016571971860099e+00
-7.705163532683814709e-02,-3.901179945730311460e-01
6.207113300153265234e-01,-9.807589493697578265e-01
2.375775398186113496e-01,2.083402373998050283e+00
9.506866961706196273e-01,1.649210654519859542e-01
-8.249785079878477895e-03,-1.311134487270635862e+00
1.052718496746373189e+00,2.244631316403880861e-01
-3.727067813548604058e-01,-1.371970718006652934e+00
-3.310916614938397284e-01,-1.150912763150505613e+00
-1.996292582592549048e+00,5.285896137550673973e-02
5.160772881336412876e-01,-8.130098872146793720e-01
-9.087581284870486220e-01,-7.574234014361104217e-01
-2.177595019656872743e+00,-2.195850341261232630e-01
-4.131182913720185534e-01,-3.776333242865424489e-01
1.725772088016299444e+00,3.458320343594773472e-01
-4.961286053958318121e-01,-8.256030964209624123e-01
-3.220284263979557582e-01,-1.249644416740321784e+00
7.491193753394029820e-01,-6.973658154241314799e-02
-4.406787401789363789e-02,-1.155406075923997911e+00
-5.151659197349710562e-01,1.481145720209934069e+00
-1.539569025998382273e-02,1.985810866404986275e+00
6.239033653698621701e-02,1.795998131811505027e+00
-2.463965174755462506e+00,-6.733391959537430305e-01
-2.463423476737867102e+00,-2.648757440330782864e-01
2.865401920690462956e-01,-8.172137611979145566e-01
1.504331052142011904e+00,-1.255998462641058078e+00
-2.958179903988096271e-01,-6.309875861361556870e-01
-6.831856674218216297e-01,-4.039982096435659198e-01
4.647486477317372411e-01,-5.738925070602568512e-01
7.919165111477254326e-01,-1.032704300941803766e+00
-1.947617247786937122e+00,-2.018810415460218777e-01
3.816794618083574342e-01,1.953678810142526645e+00
-3.299781450375093517e+00,-3.756865548220888473e-01
6.380575144918595454e-01,-1.233460219091178089e+00
-6.126245312436905399e-01,1.513798695524981586e+00
4.505622898908261953e-01,-6.246277068611363892e-02
1.577586932092117422e+00,2.401548060243719196e-01
4.892810935757551660e-01,-4.225159292217932627e-01
-7.098887070541789468e-01,-9.244060420613374740e-01
1.157713978884304051e+00,-9.700236031576060791e-02
1.221579202347573778e+00,-1.099159127893643700e-01
7.444915633349645789e-01,1.141538159736358027e-01
1.973435568334032997e+00,1.403194972666915730e-01
-2.250179166745394088e+00,-2.878122269968187985e-01
-3.891179373654080065e-01,2.000965452118912857e+00
-3.180902196637740986e-01,-4.277804196774743217e-01
-4.476330557019195799e-01,-1.481091011639638910e-01
-5.120797062322568483e-01,-5.827263548815659888e-01
5.405436467908456555e-01,1.890012779446384794e+00
-1.760630677821521661e-01,1.637948350108431095e+00
1.515892127692231028e-01,-9.738304440491375447e-01
-3.067750587681540297e-01,-7.344294099952143329e-01
1.496674565939977608e+00,1.143197157166701283e-01
-2.004858533694912348e-01,-1.113914979074914102e+00
-2.505135222578404264e+00,2.221218164395237157e-02
1.386592694559677652e-01,1.773696741892976769e+00
1.570393895602917755e+00,-9.549686946344786431e-01
-3.458665786025495459e-01,-8.679929926140865781e-01
-2.463160659691432663e-01,-4.567715317265242936e-01
2.786850251785819021e-01,1.823257731560589789e+00
-1.910534720511548601e+00,-3.366920457083889540e-01
8.079639200923018905e-01,-3.183585612225982575e-01
3.689621685202171264e-01,-1.544407598761984683e-02
5.007564359876480742e-01,-3.796082598179419398e-01
6.598076920481419361e-01,-1.132831575858008755e+00
-4.082879275205505976e-02,-7.168766734243261496e-01
-2.533066359170031978e-01,1.827071305001545687e+00
-2.381328703831779026e-01,1.467809642631343836e+00
-6.956211868426209755e-01,1.463758708429830246e+00
-2.638769905715695696e+00,-1.412585013223534858e-01
1.427025704558179398e-01,-1.310898185240659819e+00
6.397552601679722117e-02,-1.181553949819865279e+00
-3.632687573244457457e-01,-5.153859720987113979e-01
8.993213018065943087e-01,-7.288439913036941498e-01
6.397013984328180358e-01,5.275888897081769668e-01
-2.613107028001645293e+00,-2.760646859461862376e-02
-2.271987701724521802e+00,7.100389556915441547e-02
2.882514969837402519e-01,-6.136507699376828606e-01
8.887062676672881079e-01,-1.337011299190958569e-01
-2.099473759180950083e-01,1.659411660130683419e+00
1.382717950085630809e+00,2.029172022338264492e-02
-3.293662888591021298e-01,1.602319560706130908e+00
-6.317944479421190307e-01,1.447303497304105235e+00
-4.899023161093524759e-01,-4.303951289111292988e-01
3.382244538225777086e-01,-1.253155094401197989e+00
-3.446345618811347933e+00,8.292567064344417982e-02
1.594834023387019739e+00,2.499338651029049674e-01
9.825192944520960703e-01,1.630595413897296453e+00
5.112185073972359550e-01,-6.857609203515335761e-01
-1.641695716235824776e-01,-7.884010181462098865e-01
5.161599185771752474e-01,1.684849138450595085e-01
1.383988683924403995e+00,3.453985753391404789e-01
5.896060868655899068e-01,1.601671050819054809e+00
4.930220715936222131e-01,-2.724441061028149980e-01
8.606282729375619445e-01,4.627130191895220679e-01
-1.216901844592988141e-01,-8.217444872038591752e-01
-1.544503698781197754e-01,-6.355708432678975894e-01
2.994949164344984927e-01,-4.668007334058661417e-01
7.203078918535684716e-01,-3.319262017320580987e-02
9.181578327914765580e-01,1.320449979527788809e-01
9.884914022806836620e-01,4.145948202688509165e-01
-2.287188629386383010e+00,8.503189472053055906e-03
-3.687841331337090578e-01,-1.286106703294197962e+00
3.542875311612724287e-01,-1.585194069096427516e-01
-6.092202095788183946e-01,-8.730780421877671893e-01
7.299349896514841785e-01,-8.275621422931979110e-01
6.199867938850845972e-01,2.750256631133950885e-02
1.519646984513092769e-01,1.798662310607637815e+00
3.432881038930073875e-02,-8.062066276623381933e-01
-2.081891838757118918e-01,-3.930551742165429019e-01
2.287509002358015797e-01,-7.414989869553733071e-01
2.922880835232610774e-01,-8.827611933439347136e-02
-1.696835632571065677e-01,-8.219380090838269703e-01
-6.549673921806295485e-02,-8.257422247465778797e-01
-1.096843898045972154e-01,-1.398932326660028147e-02
1.442704904220392770e+00,-3.380235108487970042e-01
-9.920857094607317128e-01,1.965584258729873524e+00
7.894881396777485572e-01,-6.237394517622865120e-01
6.543381853551972771e-01,1.778316745953113232e-01
-9.870529056417452762e-02,1.389894989619688548e-01
2.209431065725217802e-01,5.064885506510932722e-02
2.486665280954659107e-01,-1.105594204015039272e+00
-2.267143811013441201e+00,-3.220395840438846635e-01
5.626563237710299203e-01,1.633814288874272158e+00
-4.733818527180502778e-01,-1.166565925691601890e+00
1.054370305081817616e+00,-1.923416473992837009e-02
-2.179555833995183434e-01,-3.429684430879895163e-01
6.593904590746093586e-01,-6.711849382747497872e-01
-8.233583183959294338e-01,1.797401173550647879e+00
7.733030960632895079e-01,-8.636243817566797709e-01
6.401650560493533648e-01,-2.499802703450400843e-01
3.096305584240192643e-01,1.011049348512162993e-01
5.530736594356966407e-01,-1.072835805872218273e+00
-6.096377825661820904e-02,1.954461137001787474e+00
-1.438134128665423672e+00,-1.769693545139157664e-01
-8.172351558219080880e-01,-6.316011749980399159e-01
3.828660882470327209e-01,1.815913458488540355e+00
-4.391639535720343740e-02,-6.650862134002736292e-01
8.071813066864903796e-02,1.838883128518862931e+00
6.368662693027089539e-01,-8.791142752030103313e-01
-2.379823640371725890e+00,-5.330012029930292217e-01
-1.057762032845422029e+00,-6.558231636338833770e-01
3.252506872147543082e-01,-1.828816729279542641e-01
-3.179447840167844319e+00,-9.152564571364397994e-02
-3.207549877121576909e+00,-2.020262064426544546e-01
3.527298734230342458e-01,1.538271075008691868e+00
-4.163461904325109209e-01,1.921880456351678479e+00
8.333224630585627235e-01,2.275571595903590205e-01
2.644043403129415215e-01,2.108998080024741206e+00
7.646395104300375556e-02,-2.148154802614763437e-01
1.151793224957291972e+00,5.009218910149717541e-01
4.328257659490495346e-01,-1.640440127386174396e+00
-2.793401141282509936e+00,-3.205790182486103479e-01
-5.958167059070511584e-01,-7.869556094652688794e-01
1.031563502359248874e+00,1.882126467324319319e-01
3.651154664899237678e-01,-5.185810304729284725e-01
8.236188926601830662e-01,-6.605269587888632499e-01
-3.158379905814855809e-02,-7.762000449177463013e-01
-2.487327474577543107e+00,-9.833536591090243084e-02
4.305656092863076045e-01,1.451463470367288400e+00
6.568897732821145086e-01,1.964601690615712659e+00
3.884759568983564004e-01,1.423631713871832405e+00
-5.648886695141987907e-02,1.944932046663117253e+00
-9.000812916334200997e-01,-7.514002244238218164e-01
-1.019703964005684860e+00,1.087207404276944622e+00
7.614461456912119397e-01,-8.002017339488581849e-01
3.695491285692317218e-01,-5.227223162358644037e-01
3.557456829343674798e-01,3.286881280378521897e-01
2.850264240728818121e-01,-9.354609357898127087e-01
-1.968052074049158495e+00,-9.132281353034985560e-01
-5.920939576343283717e-01,-7.933945534952380196e-01
8.067607834355718099e-02,5.355746432975885124e-02
5.932908992670667125e-02,-8.966657076911326296e-01
-8.611509918701820698e-01,-1.034303488110812852e+00
-4.760182169347975528e-02,-1.039727033233738940e+00
-4.483546014368713362e-01,-6.279461010332269000e-01
-1.025972563348643285e-01,9.520831987144630359e-02
1.528453446508050595e+00,1.444958016276877144e-01
6.424203754857600313e-01,4.714721387138722658e-02
-1.748296083336939644e+00,-5.080618598496814409e-01
1.214241381795170938e+00,-2.433103364860462331e-02
2.283509702541894892e-01,3.610651921968636713e-01
7.164978041396335984e-01,-5.134148563270976573e-02
-2.658635248900785619e+00,1.627078193055783439e-01
9.257634796726957882e-01,1.606087342850826660e+00
5.098568937390024480e-01,-4.960108406729364372e-01
8.060128475015716498e-01,2.435019280988742485e-01
2.703041852921120869e-01,1.732887730520498604e+00
2.142205814077311754e-01,-7.036956433290308954e-02
-3.638222721445854013e-01,-5.922538986111255399e-01
1.377759727954839808e-01,-6.779878899608887677e-01
6.450757558040426387e-01,1.872395095182463262e-02
3.199473331293168910e-01,-1.385549618861994459e+00
-2.256229368274925484e+00,-1.064751621978932833e-01
-3.548651073360211683e-01,1.721076346909193200e+00
-4.566410367002805004e-01,1.812829163518812514e+00
3.358777413331833772e-01,1.616578799184098081e+00
-5.928630720713521374e-01,1.293619938639847033e+00
1.751336216808194179e-01,-1.141302922145827209e-01
-3.536850597915992545e+00,2.191357445895367739e-01
-2.492804644102136535e+00,-1.387215945697577169e-01
3.639546163498540987e-01,-1.158647884044371024e+00
1.530126152571809617e-01,1.823662642719892313e+00
7.765726299229094298e-01,-2.031511639110591960e-01
-2.923934589668768513e+00,-4.860941680855093150e-01
-2.229217641921139859e-01,-6.290557647581593859e-01
-1.313941434504437789e+00,-1.312178544335778296e+00
-6.381801747782948064e-01,-1.214004168343524759e+00
4.919377469792572399e-01,-2.359711727346325560e-01
1.010686430054008322e-01,-8.013568330323046496e-01
6.552120070122215978e-01,-1.389126352696103739e+00
2.012330055064354972e-01,1.443346955183102631e+00
7.400099476005447124e-03,-1.894708347681071769e+00
-3.038772945851938800e+00,3.457808121550800390e-02
-2.882890659111508325e-01,1.309791672412026431e+00
-5.281535343113489267e-01,-1.120307988370514707e+00
1.178875465495366148e+00,6.335167999100824732e-01
6.620433835481589480e-01,8.202205942635068525e-02
3.918788116801932842e-01,-8.312446251662137797e-01
3.909604363210180678e-01,1.482699013588062442e+00
-5.276837153607396441e-02,-1.009746868197049174e+00
1.508508658941433822e+00,-5.776670765789947842e-02
4.670994793775880005e-01,1.631491940703832189e+00
2.127618516065671872e-01,-2.411415312777564490e-01
-8.236559142876109796e-01,1.654529386289381065e+00
1.076519455763893962e+00,-2.095616130884489225e-01
-9.066746242970036285e-01,-1.204162353977850763e+00
-2.377902233448603297e+00,-3.212881541011786690e-01
-7.303294160378189792e-01,2.049417167770700487e+00
-5.833923607261862765e-01,-5.554098279026009610e-01
2.130056437846322426e-01,1.722466296194059776e+00
-2.591896428663092333e+00,2.142510377612539263e-01
-2.952558695894643703e-01,1.603626792581676952e+00
-3.929851771840290886e-01,1.901962229146744177e+00
1.133065805251543656e+00,-9.290480079917199374e-01
-1.786576411174591872e-01,1.753884154202139944e+00
5.047463565447357636e-01,-1.497627043393404245e+00
9.023024462477794438e-01,-7.183006896441069822e-01
4.963449438248854206e-01,-1.061418936237645605e+00
-2.189465494951075286e-01,1.576485148834131600e+00
1.220409295285641127e+00,4.482095661535963615e-01
1.349496870092134593e+00,1.166933018256949423e-01
-2.774812061426366494e+00,-1.730101738644443388e-01
3.855729128592710886e-01,1.856901473270262448e+00
3.781149864799129845e-01,-2.811756225133692499e-01
5.600379371199200040e-01,1.534235600268020416e+00
7.857981206940138907e-01,-5.028961734769509667e-02
-2.107451892219017964e+00,-5.471752034224013073e-02
-1.346048809318153294e-01,2.030795378788924133e+00
8.210536201155914371e-02,-9.861257198685310366e-01
4.226277412576955328e-01,1.530631511032672920e+00
2.202882084302092702e-01,-1.750512666073127388e+00
7.273612597631369525e-02,4.840732136476823544e-01
1.442674817272424859e+00,7.246879702638965581e-02
6.866556869757252102e-01,-1.056028401819300244e+00
3.955018624847824182e-01,-1.305421067333629725e+00
1.005843308258501212e+00,1.335477858801620010e-01
-9.833327866636597248e-02,-9.467341789738872304e-01
7.006419699044542926e-02,-2.658381431570379649e-01
7.597318372182186863e-01,-1.354675691604077192e+00
1.458001370518503093e+00,-1.256953804140872766e+00
-1.050666239377846090e+00,1.776770711576162176e+00
1.013414871430207809e+00,-1.228739798868889288e+00
-1.641501814775060686e-01,-2.498628536857686600e-01
5.130438133807498080e-02,1.994896650463114041e+00
-6.112083843442736586e-02,-1.203492921018150419e+00
-3.485575594107674369e-01,-1.010217304727911269e+00
-4.517184719770323681e-02,-8.122991644941369715e-01
4.727849508378541565e-01,-6.680384233235909797e-01
2.995149786367241052e-01,9.674962911003130717e-02
-3.605530851029803974e-01,-7.225570232518532254e-01
-8.729260301036567693e-01,-3.721202578836389496e-01
1.254461461213193463e+00,1.468603646579501598e+00
7.812084173800397380e-02,-7.454263519074192379e-01
3.597047127064553207e-01,2.086752679149827816e-01
-2.702811689000634843e-01,1.740546366473500806e+00
-1.668403259984317377e-01,-5.038154490278856645e-01
1.036880385286505835e+00,-6.797787059186037872e-01
-7.711683873637104059e-01,-5.994433699854425646e-01
-2.668951136297402993e+00,-8.299007057213554639e-02
3.067834306259523691e-01,-6.869221362844326606e-01
1.181407116664148660e+00,1.082002413467362117e-01
1.392840542756129230e+00,-2.918543541093268634e-02
-2.819588306295215951e-01,-9.808215067382733965e-01
9.038994785683378552e-01,-1.378300638462214955e+00
3.325899750995719439e-01,-1.516668792558135692e+00
1.514447365322975914e-01,1.985495103149387930e+00
1.048732549813175430e+00,-4.124548333850758947e-02
4.048977526835885743e-01,-4.694719565022809071e-01
3.274179633833588371e-02,-4.183518727553590666e-01
-2.804255059916059278e-01,2.035933100753279046e+00
3.066605381070128256e-01,-1.178742767675154512e+00
8.271223048072281481e-01,-4.337086682887381084e-01
-2.746545068972536252e-01,-3.463442991346704874e-04
-6.201426089520986062e-01,2.039541573254892270e+00
5.376248025477096126e-01,7.628845242557734385e-02
-2.743931912005479479e-01,-2.436590360216994711e-01
-8.025066309291639666e-02,1.482421846823033462e+00
7.284313230858239230e-01,-9.562427846921065511e-01
-4.625467695612697772e-01,-1.114098513584474759e+00
4.093609594578390687e-01,-9.556578617524007502e-01
3.228280324590159234e-01,-5.425443685261147619e-01
-4.517072014956320380e-01,1.717910465690283273e+00
-1.484874117833389295e+00,-7.741180505967038515e-03
1.706480470205494759e+00,-2.952519390180931985e-02
-2.475982945624489728e-01,-8.669490000995333512e-01
4.761077637066692958e-01,1.939380970776117374e+00
1.335180271964844234e+00,1.350060842311159859e-01
-3.709809595019431527e-01,1.824835012664625555e+00
4.808174326016232958e-01,-3.550917091087061328e-01
1.026680156529661492e+00,-1.103776372211156209e+00
3.180451702193318186e-01,-7.654770340401851891e-01
9.482658283529214749e-02,-9.188020710294230176e-01
1.524284680316945195e-01,1.939920934037534961e+00
3.972616862716237818e-01,-9.696397893705896998e-01
5.487202554208857608e-01,1.665889251618985600e+00
1.010242610073180669e-01,-7.068123611320508148e-01
1.578872958638042556e+00,-1.424024367683077441e-01
1.465529688722023938e+00,3.171861278710629284e-01
-4.769799484545852453e-01,-6.982901719810251651e-01
-1.344508809683523598e+00,1.964834574475086804e+00
-7.064625689177495005e-01,1.508101082304209140e+00
-1.853317005002345919e-01,1.692303367748119847e+00
1.024609043449961968e-02,-1.222787678807763623e+00
1.308518319006112263e-01,1.962628156677328484e+00
1.097590707488415696e+00,2.188383370986907439e-01
-2.250535573237518516e+00,-4.473444364673240248e-02
7.979843015962450048e-01,-1.007227005188401803e+00
-3.346264210286363783e-01,-4.436945936165220122e-02
1.191212304284906986e+00,-2.120715874591323769e-01
7.380100072775219733e-01,-7.851307361326481660e-01
-5.212765753921811962e-01,-2.445812116785535117e-01
4.472524494760727887e-01,-9.266816267145775443e-01
8.085802122580669493e-02,-1.264971788880453918e+00
-1.306903715848237058e+00,1.535106829676289530e+00
-2.195705035693507889e-01,-8.830408403650545912e-01
4.901226119433064743e-01,1.752849449080385869e+00
-4.822047537368398529e-01,1.411146989126320195e+00
8.699996791745974178e-01,-6.363535800822978095e-01
-2.890207012861454761e+00,-2.046117407760411344e-01
5.938245673553826931e-01,1.853927504534904624e+00
-2.490999386228045509e-01,-1.049487835216980747e+00
-5.265424815490830079e-01,-7.586451921132543186e-01
6.729545145908658599e-01,-4.985830561797150451e-01
-4.654306520553876392e-01,-1.343136946512889285e+00
6.354994316275254344e-03,-7.948668484864613859e-01
-2.500646464095832577e+00,-5.551489202882350406e-03
2.949369352652471687e-01,-5.385328718329358555e-01
-2.484501819994471006e-01,-9.975128547559234393e-01
-9.150154798025103009e-01,1.742098524233514523e+00
3.050097788134135124e-01,-5.747713348337700756e-01
3.852801112107014370e-01,-7.550686509750947906e-01
1.719315209859017202e+00,3.533278921047713905e-01
1.102504313232900435e+00,-8.168025525354345451e-01
1.088415877597282005e-01,-7.911087059827552892e-01
-2.813244090343847703e-01,1.470048003796290415e+00
3.257452679058757683e-01,-5.009459195066534587e-01
7.420849002992241372e-01,3.659705193047787519e-01
5.094235522253788284e-01,-1.010862545838710158e+00
-1.043116192409193177e+00,1.493315831377202807e+00
7.180353875831659849e-01,-8.339300170435560711e-01
1.108696467867685831e+00,5.991054974544500755e-01
-1.645264970617942579e-01,-2.320602584433960891e-01
6.404665190801759334e-01,-1.288597182996278345e+00
1.293410726810332756e+00,3.825203659974421577e-01
9.882117027731450731e-01,1.605042026629265095e+00
-3.000395692372988865e+00,-1.529193563617392004e-01
5.237474543072871969e-01,-7.767148357299740180e-01
8.835873298707949131e-01,-8.296481566099950244e-02
-6.686720134174398700e-01,1.668771557918579784e+00
7.419214103533287030e-01,1.369061853586953370e-01
-2.557059404561078941e-01,-1.276361939145975288e+00
-1.452717347407400106e-01,-2.699007630177828188e-01
2.496681899670214200e-01,-1.310789431634955982e+00
4.375761276591587090e-01,1.465497241617364610e+00
6.057168562385249061e-02,1.534946358393451504e+00
-4.938065398421037089e-01,-1.323098658299201258e+00
-1.324377484799880156e-01,1.864157889960106562e+00
4.790477045056943384e-01,5.560819246898839052e-02
-2.238617228221568001e-01,-9.723332131488181540e-01
-6.903349021578006894e-01,1.687072563439265815e+00
7.437504895919242465e-01,-9.023246725306984795e-01
-2.541397199439030974e+00,1.599878769355414787e-01
3.943221918231352707e-01,-1.296795954796672756e+00
2.887482309523263790e-01,-1.127899878608840112e+00
4.297207195177623062e-01,1.933334951641010102e+00
-8.548587022927567336e-01,2.169641830679450489e+00
1.638745059600302367e+00,2.143421646050029383e-01
2.369309630954223866e-01,1.926811577805641607e+00
-1.402604781373517073e-01,-1.289567162288838942e+00
4.897128078408872209e-01,-1.253916647467574697e+00
9.412708082902491169e-01,-2.550889581164743694e-02
-4.670363680833449771e-01,-9.493402593010333845e-01
1.722752735034613680e+00,2.674169948659624874e-01
2.820346004054221645e-01,-1.010900541394670116e+00
3.960769945262158642e-01,1.746457182350434234e+00
4.184151674233618778e-01,-1.234949762478871227e+00
1.246367307882045417e+00,3.291252016121545276e-01
1.529362213634129386e+00,1.967214077247481652e-01
-5.904559716807452618e-01,1.763655483163463655e+00
6.455780825743958617e-01,-2.715922947209257754e-01
7.368013963852287906e-01,-5.145939279206759309e-01
6.604872419131083694e-01,-5.828872732285890479e-02
1.105132060486087253e+00,2.805945045523172143e-01
4.417962709148776645e-01,-1.096101954592515332e-01
3.859515626429402269e-01,1.756603784978356605e-02
-4.016867851525216526e-01,1.644391739223334925e+00
2.257627231170063475e-01,1.707154683122272809e+00
-2.270976506916805027e-01,2.245214734436914716e-01
-2.506818409939655101e+00,-2.775864446556899345e-01
3.162047971870050600e-01,-3.337649026241387706e-01
-1.681634858989743631e+00,-3.723784966479473657e-01
1.214050174492002476e+00,-1.366720542028975437e-02
-1.930055024517205675e+00,4.312548838841001597e-02
-9.710371400473998271e-01,3.692539531712979439e-01
-1.496094717419932940e-01,1.470854791503904746e+00
1.691284133133836576e-01,-1.246636949485430357e+00
1.109281309122784887e+00,-6.813173290328482234e-02
-1.061171290532658129e-01,-7.002716526808852038e-01
-1.674971056884766663e+00,-2.561039745803648238e-01
-9.464732136162867793e-01,-8.207151241159907906e-01
2.441586799774165539e-01,1.877316982477874596e+00
2.094158094445325302e-01,2.040395317808832765e+00
-2.156787483219631429e+00,-4.397781313936707237e-01
1.763335866183636469e+00,3.170321025801660642e-01
-1.996302813364039475e+00,1.253547049704749061e-01
-2.510056845974132589e+00,1.964121531510890362e-01
-2.631020908446775941e+00,-2.812055507991455539e-01
-2.600203989589969789e-01,-4.364259349443730396e-01
3.781208493247636415e-01,-9.231020327063711450e-01
1.867704313463315335e-01,-3.534308097204040822e-01
9.392163621885395441e-01,-6.438031032870051851e-01
5.970489916484061910e-01,-1.197199820448308083e+00
-1.052592045686268074e+00,-7.788273328565591402e-01
7.114718188815499778e-01,-7.048879059868393693e-01
1.625400559812089973e+00,2.228534340162332261e-01
7.747719276863592741e-01,-2.526813309093566690e-02
1.544062917729860818e+00,-7.155757339295212849e-02
-7.615899006340194344e-01,-5.244885736412466803e-01
1.091521998204987076e+00,-7.823988419687363249e-01
7.762922032007530948e-01,-3.986959541870001983e-03
4.727692883863580109e-01,5.196174749899960810e-02
-2.488236347036741625e-01,-8.881643105753043166e-01
-1.948663170009838075e-01,1.477985363354727300e+00
1.016357131465847941e+00,-1.065875699361040541e+00
7.213086714896529972e-02,-6.576456219180855101e-01
-1.317752861247706575e-01,1.715495038900193059e+00
9.180631917625493577e-01,-1.032144195179427903e+00
-4.895848061163129983e-02,1.313601701743681016e-01
9.604788157049403141e-01,-2.291232239303065132e-01
9.124178180225923918e-02,-8.195243318450206038e-01
-8.625473846789066812e-01,-1.057511237197719778e+00
-4.969195517783223104e-02,4.090662659355578379e-01
-4.212741544857772080e-01,1.554370656303155407e+00
7.010356075855608826e-02,-7.813967637598594473e-01
-1.903924751346756927e-01,-1.215573643479854304e+00
-6.674148395903326536e-01,-9.260657833150880425e-01
2.445257329641095656e-01,9.868473096228674857e-02
-1.942939632328532229e-01,-1.201673854076473313e+00
-1.458653713907276384e-01,-1.079457397147209230e+00
3.099276770563758054e-01,1.775394090500085564e+00
1.979077538138907799e-01,-1.197461543248289351e+00
-1.948916369234630741e+00,-4.447048882909000050e-02
3.205050014829279315e-01,-8.793849839499651155e-01
1.581123322197544478e+00,-9.438994129932051225e-01
7.342732109633353099e-01,1.427109298110129210e+00
-1.491985398232749394e-01,-2.864160207779246625e-01
1.120348314245602106e+00,-3.160938749305307327e-02
-1.490965594801401950e-01,-5.590937607518280394e-01
-5.054999994121850415e-02,-5.681162999319585433e-02
-2.467930232262522880e-02,1.917726689040715193e+00
-6.483503268614021486e-01,-6.892168085778745956e-01
9.962881772715552753e-01,-1.271958469200167974e+00
-5.283096807229364922e-02,-6.526835901163706433e-02
6.140390599583546161e-01,-5.744483981679463502e-01
-1.057992090375559774e-01,-3.918595378585239541e-01
3.375150872360599408e-01,-1.100801585482699352e+00
7.574235414593876170e-01,9.112415913942358003e-02
6.667104826760806846e-01,-4.212364316080420834e-01
-4.686582534124577037e-01,1.618655212745659044e+00
5.920201860200769994e-01,1.565730478083357524e-02
-3.279786751217257934e-01,1.816565817908100344e+00
-2.452549514955826571e-01,-4.585110461277744354e-01
3.137667971677486345e-01,-1.466126037015061279e+00
-6.671088717735200735e-01,-6.991825318174992310e-01
6.552022493327426256e-01,-2.119820795983829997e-01
-2.272697254715682069e-01,1.809746335561093655e+00
-8.392313383115364012e-01,-2.725258475010436388e-01
8.758792590084710783e-01,7.252829023269435904e-02
5.817400462320586607e-01,-1.741158946098974869e-01
8.533354997700697275e-01,-6.841858063738338602e-01
4.950207016353583289e-01,6.340354804309186743e-02
9.590338223889233182e-01,-7.480839928269455985e-02
1.195305013272198069e+00,-1.344837552358254529e+00
-2.591155511609985140e+00,1.435418322445615735e-01
-2.008699670175160268e+00,9.739117532837941738e-02
3.378342559003473800e-01,1.707790010225769706e+00
-3.579246599179142230e-01,-8.483742768677414725e-01
8.935549333880385969e-01,-5.424897268928058347e-02
9.260397401033098053e-01,-1.591966765717123533e-01
-8.005932842114839021e-01,1.622067818557833441e+00
-1.130313188828032223e+00,-7.463727152964776401e-01
3.482057357177657519e-01,-6.938347376612143957e-01
-7.761252223008323625e-01,1.480150522036480787e+00
-5.569913291765203889e-01,-1.202077806601323795e+00
7.114010588291330706e-02,1.989013555668406541e+00
1.680627432940337285e-01,1.754270139709579901e+00
4.182505360052546917e-01,1.941861267510195665e-01
1.402604890330020337e+00,-3.425735019982111829e-01
-3.187206260501121768e+00,1.409441016488364729e-01
2.335962866400057014e-02,-5.143952028851144220e-01
1.752463647485501985e+00,3.941678797319140282e-01
1.106251031965939324e+00,4.516205294178517460e-01
5.902779708076854037e-01,-2.617673464304570152e-01
3.484055353445156267e-01,1.501405852767946580e+00
-3.637624086983884952e-01,1.840212239915756998e+00
-7.336589737843290937e-02,1.617101102057816542e+00
3.678201586594889716e-01,-6.649108851720015867e-01
5.434488850780263558e-01,-2.424943307204343312e-01
9.840409823817896084e-01,-9.530716050547356488e-01
-2.910057104810255257e-01,1.505040260629476601e+00
-4.842038992055639479e-01,-2.087093891996952000e-01
5.612672312313433665e-01,1.792901743586512442e+00
3.851042662503950109e-01,1.643581883103499841e+00
3.598399406879363993e-01,-7.283905677465924988e-01
4.084535213747028104e-01,-8.959439192759343085e-01
8.315547046389075714e-01,1.658275195572728844e+00
-2.447374430504737353e-01,-8.430497502934335419e-01
-1.023187517875270326e-02,1.580100195078120578e-02
-1.158828215025557717e-01,1.234134961175736400e+00
5.351141035034818749e-01,4.033363821181846220e-01
1.072338899457438710e-01,1.776782032244700327e+00
1.410446465390324366e+00,1.589825966926954048e-01
-1.907628401375310645e+00,-2.940184529376099198e-01
-1.933794798219306443e+00,-1.428175392248514641e-01
-1.215472249501997171e+00,1.009741484067759737e-01
3.147026163170058566e-01,-1.004999255909915901e+00
5.237222383694672967e-01,-1.021323848612612384e+00
-4.603594119311442134e-01,-1.966830022268584860e-02
-5.628222308636894322e-01,-5.929278504690630447e-01
1.617007270198990154e+00,2.729208861227377381e-01
-2.327852329789899866e+00,-4.029584107843388052e-01
-1.734638752761230585e-01,1.439655367076397185e+00
-1.846442969384733512e+00,-2.249189203200266107e-01
-2.122846948551867785e-01,-1.172283995703337967e+00
1.843202876979314342e-01,1.593277081739099543e+00
1.001892068363954946e+00,-1.491134970320225017e+00
-1.253425032284602447e-01,1.774164160811634972e+00
-2.238715637903695710e-01,-5.356774059675575295e-01
9.837738525725162608e-01,-7.958042324291304537e-01
6.181610048070962371e-02,-1.385682257605055590e+00
-1.363400075567375302e-01,-8.662028816384056279e-03
3.339614889006168458e-03,-1.051203445149557325e+00
4.952363509588446622e-01,-1.345654680993278451e-01
2.345126320358424110e-01,-1.183658272905288911e+00
6.289900782055359851e-01,1.432132901192514796e+00
-1.649664632619589844e+00,-3.225654187600877076e-01
8.694493654363270041e-01,-8.777999970878622160e-02
-6.408224213094008137e-01,-9.505844596478572051e-01
2.069912257510597431e-01,-1.017452594744645555e+00
-7.233603885254487054e-01,1.718853938142206328e+00
1.749335731555429763e-01,-1.116295334802266837e+00
2.663081456771664302e-01,1.620259779756269891e+00
6.182170978550782792e-01,2.133425146495087354e-01
-4.788678236137899336e-01,-1.113197767149521455e+00
9.657757793149472914e-01,1.576547293081037859e-01
4.093460461871843425e-01,-8.344758693624045043e-02
2.824126140101717031e-01,2.002744092331266046e+00
5.060199336301026696e-01,-1.032860035270216914e-01
2.714484867654533562e-01,-5.238278450377079620e-01
-1.636017540305890472e-01,-5.535804571588264222e-01
3.705076682383450781e-01,-4.448112848067217184e-01
-6.492555451840383851e-01,-3.907828397857380787e-01
6.129321595526044941e-01,1.874904547435548130e+00
2.140504865552368408e-01,-4.945827342841340735e-01
-2.555708214367188869e-01,1.781260736762181329e+00
9.345024712505584086e-01,-1.261418846668636906e+00
-2.411468635677933570e+00,6.541726936293197625e-02
3.353360332446648773e-01,1.513315625671856512e+00
-3.101438503755837406e+00,-4.139224491553405993e-01
7.201645730877157536e-01,1.226798070845890737e-01
4.286819351363353459e-01,6.334030934254561984e-01
-2.869849132725647567e-01,-4.699822016177482853e-01
3.693636193710391202e-01,2.961134905488559954e-01
-3.668148108235225191e-01,1.788657057046068033e+00
-7.250251342497016083e-01,-1.158471421690891789e+00
9.109904107924651218e-01,-1.397755358065209785e+00
7.107450357172900857e-02,2.126632754529100139e-02
9.166887186300858026e-02,-9.921777504185425034e-01
1.628890728469636340e-01,-1.940583184692160068e-01
6.658654769350342076e-03,-5.008306261766111156e-01
5.252401429314771386e-01,-5.478712977604003470e-02
1.948037361586379967e-01,-5.242061754055014067e-01
3.870047032314711394e-03,-5.659017189389186075e-01
9.861469959359797643e-01,-9.332964194915989165e-01
1.432703453285805395e+00,-1.161078320409458131e+00
-2.699076039342599917e-02,-4.531947569187784186e-01
-3.179446398330187051e+00,-5.408232457093475887e-01
2.964998976696532340e-01,3.765466121099470681e-02
5.550322809465750851e-01,-1.311695026562167854e+00
5.963713455475492253e-01,-4.874897442293747718e-02
9.417603014014406249e-01,1.376809471872013635e-01
-1.978831953689696554e+00,-3.757507667061279338e-02
5.393272955534377487e-03,-2.392100821166038560e-01
3.720799376431633831e-01,-5.551931662803504253e-01
1.149710436846557715e-01,-1.809073388870721388e-01
1.509821857409641810e+00,-9.985347149449820270e-01
7.070625269149450887e-01,-7.613006411270308860e-01
-1.016619321826853772e-01,-1.156628944893957733e+00
-1.636602461386806429e+00,-6.658886643111718018e-02
8.145851365195555527e-01,-2.074218508633240421e-01
-1.383591167703043023e+00,-1.655988714376284421e-01
4.584958112271710351e-01,-6.990839598968300317e-01
3.788079296936862628e-01,-4.826296128758313375e-01
2.760248193157553362e-02,1.900672246019995626e+00
1.678466393600457573e+00,1.765490940249673235e-01
-2.629008209828464171e+00,2.030298276558153425e-01
-2.819477006235261013e-02,-1.267668435154678086e+00
-3.199636842561714989e+00,-1.127728746120118530e-01
-1.921277088272412836e-01,-6.603689147159728101e-01
5.705525435386017419e-01,1.571477924687855632e+00
9.669370902066750650e-01,4.901192089624393788e-01
1.011622873676351952e+00,-1.485199487859804879e-01
-3.824496689448049214e-01,-1.152617309026396031e+00
5.441402079288764071e-01,1.155479132881589571e-01
7.993655665801312482e-01,1.866739903930211053e+00
2.031938128404364441e-01,-8.856598416391325834e-01
5.874521535115384899e-03,-4.256103707562527982e-01
-7.865223034840920779e-02,-8.683411134739708048e-01
-2.207997551783980050e+00,-3.013531601152360379e-02
1.519649763084855554e+00,2.811175202080951618e-01
-5.964388871087695776e-01,-7.385758363223524636e-01
3.240047899933864300e-02,-1.488822189133639284e+00
5.119049624771451201e-01,-1.219281722750986847e-02
-1.609937809513308504e-01,-9.170901975959072638e-01
9.802463943219620612e-02,-6.983389749699363547e-01
9.807726389842201797e-01,-3.138502060031794216e-01
5.645342601098896074e-01,-2.601000450132064379e-01
6.361843390850493440e-01,-1.169190959357541804e+00
8.799696860346634120e-01,-1.315076662415782804e+00
5.414804714043391920e-01,2.596617788647592184e-01
1.462313481896933887e+00,1.672840469404557051e-01
-1.647857336085104318e+00,-3.270118059192651111e-02
-4.114605451196165498e-01,1.694951310905864039e+00
-1.222026482232773381e-01,-1.335686470632353906e+00
-3.175165009438215780e+00,-1.507612249329392806e-01
4.661778404890132288e-02,-1.205568890439620233e+00
4.216333062551955169e-01,-1.435502845566785313e+00
3.565411472745935728e-01,-2.036241592163162972e-01
-4.252950434520908485e-01,-7.849565213663024510e-01
3.104565340367116399e-01,-9.055618785581359687e-01
3.933771906839926835e-01,-1.177977829669117904e+00
-1.204478706353446149e-03,-4.220343008273028662e-01
-8.469990847047063898e-02,-3.034460734751328603e-01
5.771787166952289105e-01,-7.266305395770713549e-01
4.598076105950331671e-01,1.619540608606173882e+00
9.364221516802199996e-02,-6.042776706866217484e-01
1.778723827060078699e+00,-3.768743236203304925e-02
3.062088127936503645e-01,-4.544248197304962544e-01
3.786646993710582887e-01,-1.236858455554522562e+00
4.570338458248198732e-01,-7.099202585840401758e-01
-6.033399513053292612e-02,1.716263181808858951e+00
1.170106927602669322e-01,-1.109256963619710934e+00
-5.396007176174633102e-01,-1.001862442774128281e+00
1.011149369308040447e+00,-1.028215888588849936e+00
-2.599931091704790642e+00,-4.344391093620789679e-01
7.457593125309238680e-01,1.534846304502812397e-01
6.412032656505876060e-01,2.514803067167339576e-02
6.232056695025961490e-01,-5.868399260480314794e-01
3.085475889197912894e-02,-8.942206179145668621e-01
-1.558623800025489281e-01,-7.517723691064839286e-01
-7.540604493989514490e-01,-3.598968819491843996e-01
-1.374275892163314028e+00,-4.945828156724808022e-01
-8.217315480922432469e-02,-2.033623708608437719e-01
-7.542665362717843047e-01,-1.264246256799493207e+00
5.375169456524517830e-01,-8.052244317449103184e-02
7.230952065623813541e-02,-3.416935696453977100e-01
9.086298248368582797e-01,-4.807937393362345276e-03
2.584483191199434815e-01,-1.015531715188275230e+00
6.687965418457657574e-01,-4.968801763651889414e-01
-2.344172394348404964e+00,1.405525849545084527e-01
-5.479444415202749941e-01,1.357870896924849857e+00
-2.850201519128713556e+00,8.152445999572720259e-02
2.140838048988149556e-01,1.411541728499525195e-01
-6.941519550100460068e-01,-9.168951914992055086e-01
-9.318882018270470136e-01,-8.391502077652659430e-01
3.085142031494049197e-01,-9.755513535360892385e-01
3.688098768964255814e-01,1.185194923989028926e+00
8.656237129222988935e-01,-8.508196887800667518e-01
-2.677637436651257641e+00,6.659157658127572155e-02
-5.575604265301455920e-01,-1.285858598433205158e+00
9.320985618852268839e-01,-1.070300904491692462e+00
-6.983376058855470525e-01,-7.547307952113309071e-01
1.915696190608630056e-01,1.454276327905585364e-01
-5.265395639870958933e-01,-3.198387375069649541e-01
3.358271343549276144e-01,2.001691151136561597e+00
1.692679219012712954e-01,-1.137539816118648961e+00
2.502647987932981044e-01,1.371930966598436497e+00
6.629722919558762584e-01,4.488087258849330907e-01
1.147291427848450146e-01,-1.132793157458306998e+00
-2.538660262264285539e+00,-1.795717357152833149e-01
3.946559084843836440e-01,-5.543699476226650047e-01
2.143546341621037632e-01,-7.463146588247835389e-01
-7.336894347798910143e-01,1.750503163496905046e+00
4.500630029912867092e-01,-6.179977891297850912e-01
5.203774132146090636e-01,-2.803650967718794296e-01
-4.511314565214057937e-01,-8.355380214434445785e-01
-2.352757513420710711e-01,-8.001987378093124992e-01
9.426217433935013545e-01,2.487862685193484302e-01
1.532726722749214454e-01,-3.452579816489946274e-01
1.144674661479968769e+00,1.359915215958568679e-01
8.760324883970073417e-02,1.420014296561390887e+00
-2.689200681631205736e+00,-1.754174386079267456e-01
1.661215368589660790e-01,-7.539054492355543591e-01
-3.238685205371778508e+00,-5.754129924046059719e-01
2.931857330700921027e-01,1.712921714748595337e+00
-5.183817800754648986e-02,-7.922499711837985847e-01
-2.497177902822495188e+00,2.313253615977516608e-01
-1.670538483518153594e-01,-8.598431790028294719e-01
-9.527587052551684810e-01,2.032628516766937121e+00
-3.607400942476187561e-02,1.697960287466206308e+00
6.076221974084143884e-01,1.058961568383132330e-02
-2.683371671506911138e-01,1.891028215890537378e+00
3.178739173793637685e-01,-1.477366691582858049e+00
3.174582530944753955e-01,-9.477872817558320451e-01
1.372466771431432253e+00,-2.194838575162685879e-01
3.992971343550461016e-01,-1.173288126277085786e+00
8.195887053194534921e-01,1.462556994686254219e+00
3.822187385068247512e-01,1.953341256494147249e+00
1.117943033539757769e+00,2.820576126399968464e-01
4.810641536725033252e-01,-1.916563974892334932e-01
-8.535712140512032864e-01,1.702620123849749145e+00
7.776123949229853949e-01,1.865616267280106044e-01
1.793295678880345301e-01,-5.721923031435105500e-01
4.159795201247837998e-02,1.255626688412846859e+00
-6.330105085148948763e-02,-1.116762230561704428e+00
-1.063596176806836047e+00,1.446584335844796287e+00
1.121758415509538587e+00,1.182249926233595594e-01
3.577076206804983283e-01,-8.282768445323147599e-01
-1.888475115596037313e+00,-1.118271976202293710e-01
-5.627143282759317078e-01,-5.940369029973642245e-01
5.682223532749273165e-01,-1.803763634351725764e-01
3.089220612316591064e-01,1.935841783821603768e+00
5.051957756408753664e-01,5.231459198486939632e-01
1.995134834260138046e+00,-5.898644993622557259e-03
-2.350370497438503570e+00,-4.301987157209479218e-01
-2.288160072921946675e+00,-3.532019185041241349e-01
1.208607799481318690e+00,1.144125757896492929e-01
1.905205734584516086e-01,-7.098850566231746928e-01
9.135888495655096753e-01,-1.998933946696233172e-02
7.369159778149367845e-01,8.141395500407240526e-02
-1.138959952338964160e-01,-1.073975455688125580e+00
4.946785043453734709e-01,-2.498388196532829938e-02
-4.326350121484918709e-01,1.750605845234912694e+00
6.993276701944478591e-01,1.589336955776396332e+00
2.322259108510465186e-01,3.625860977189052786e-02
1.157876487674202926e+00,1.865815993795070515e-01
2.485245395424299508e-01,1.235918886277655449e-01
5.786276389011217880e-01,-9.546739527819777527e-01
9.301626169333542249e-01,-1.159996791126490567e+00
6.138990622989777268e-01,-5.297372597137930406e-01
-3.185036187366389049e-01,1.420448428327441670e+00
-6.540795404126226176e-01,1.506379324891994331e+00
-2.085714066465682581e-02,1.553450723678607925e+00
-2.877680459480846054e+00,-4.027323448150485485e-01
-6.849426584190407286e-02,-3.831414872730159460e-01
-9.064348427680275766e-02,1.198761355549962548e+00
4.828014346022759806e-01,-6.728202244832401924e-01
1.172633818583611320e-01,-5.024513347768099214e-01
7.962659743595674744e-01,-9.345344298330803268e-01
1.055802228717021451e+00,1.669788918864892446e+00
-2.980089631915468495e-01,1.188453161683109771e+00
-4.449269469782371478e-01,-5.432051528059012035e-01
-9.876775135591628341e-02,1.655749308546086151e+00
-7.768388681639346593e-01,-7.479163614291777229e-01
-1.994438001389883697e+00,-4.085897906604346597e-01
3.277926494062340934e-01,-7.464217821182235202e-01
3.465793404054691162e-01,-9.889304028888675768e-01
2.361364922243334719e-01,-3.571658909512804292e-01
-2.836510111317990662e-02,-3.954003503551432597e-01
-1.645083946019772758e-01,-8.718977506916210096e-01
-1.461062231957446951e-02,1.852457137995946468e+00
1.948676769713649642e-02,6.992360453629080375e-02
1.183525353301937866e+00,1.568904344503246895e-01
8.017366583590455897e-02,1.601571783018349571e+00
1.608277554485489091e-01,-1.169867994307644876e+00
-5.896385714803673711e-02,-2.509091098948312282e-01
1.114334764234592656e+00,1.306184087725053601e-02
8.820347221652196090e-01,-6.309084576124973642e-01
-3.986257885220217956e-01,1.689609250094243897e+00
-1.440570698783625869e-01,1.508521156287641274e+00
5.808674626273366837e-01,2.084330173703929479e+00
4.430819510743853051e-01,-3.231361664588511262e-02
-3.132083304851804306e-01,-7.046580271944951068e-01
6.624608808276034599e-01,-6.845359650101294768e-01
-4.373814076372000148e-01,-3.472733547524620157e-01
2.421444867106266052e-01,1.637093667596367430e+00
-5.534866164159232271e-01,1.661709322656758081e+00
5.604495154735986140e-02,-1.051001324894621058e+00
6.451631462677912543e-01,2.226799991450934824e-01
-2.356533664678268192e+00,-4.419804969508321912e-01
-9.909126252758665432e-01,-4.724046782117987675e-01
7.248623337840336411e-01,-4.785655613389690477e-01
6.359058994903269424e-01,-1.148999522930193695e+00
-3.919215438446516098e-02,1.443774288471410427e+00
1.339411916393716373e+00,5.769591505960501576e-02
-1.248581415192608346e-01,1.846536632004665834e-01
-1.768781313987640713e+00,-3.497017889458125528e-01
-7.177999273843627126e-01,1.764578826793929078e+00
1.382178226268842292e-01,1.351495390842134103e+00
2.243329965677925975e-01,-7.208696200286017763e-01
1.101886596476645552e+00,-7.968307332034744173e-01
-1.061969170637772249e-02,1.411024786062671232e+00
-3.369090217258159381e-01,-1.072468702393938322e+00
7.225216709835393658e-01,-6.377810188657567769e-01
-4.124299553444512600e-01,1.312168666454714305e+00
2.683742092223218578e-01,-8.602354297977886644e-01
9.029331908999463363e-02,1.588170650473541112e+00
-7.548658675093274928e-01,-1.093944865797802590e+00
-3.845881492929617562e-01,1.895373755404329952e+00
-1.159086594443627660e-01,1.936771976873591372e+00
9.987688526331278682e-01,1.585780565428046573e+00
-1.027908652730000760e+00,-6.292790847477756078e-01
-2.642192364427517148e+00,1.071537193434540375e-01
-4.541759451937760206e-01,1.526803742421301457e+00
-2.748450455950532056e+00,-3.256208136580969748e-01
3.292151062692874608e-01,-1.558229217550230361e+00
8.302738195139466315e-01,9.963560225513373725e-02
-5.331403873907777924e-02,-1.175635856239400256e+00
1.392130726256743667e-01,2.279799381087135313e-01
-1.085297102883602927e+00,1.509026774448238573e-01
6.471089358295055716e-01,-9.792831133886166217e-01
5.527536972543946048e-01,-9.884203978165310156e-01
3.158683447243730846e-01,1.016653964286302614e+00
1.195593007252123252e+00,4.574261045965183348e-02
9.021978213245074318e-03,-6.773411709881757004e-01
7.061271069879704321e-01,-3.897241295350673540e-01
1.708190780971053924e+00,1.143148910863217432e-01
7.493134827131869846e-01,1.974780525150113375e+00
4.923277097177294892e-01,-6.103127525610014814e-01
-1.980336090182362563e+00,8.591869619914090095e-02
6.335726390204988734e-01,-4.206062340878587436e-01
-3.117346337956175550e-01,1.693191656635803621e+00
-1.172093701162070234e+00,-3.871787831450353434e-01
-1.603961892449387472e+00,-7.782802867504419464e-02
-5.225896112155975493e-02,1.582949763610321803e+00
4.742610816638471727e-01,-7.633294104172709815e-01
1.077491191438683771e+00,-8.723166879216014413e-01
8.735641891365734102e-01,3.532126586564695025e-01
-1.119027121893287458e+00,-7.131597604783697086e-01
-2.360777949341121840e+00,4.917547207451198991e-03
4.689191392955862625e-01,-3.094653886169260182e-01
2.113488426599215708e-01,-2.723780673528046758e-01
6.424637268737694029e-01,-4.089965056844298008e-01
-3.413365201305894048e-01,-8.237910927113029080e-01
3.264948487313505399e-01,1.936605411301645541e+00
-1.418718263807237367e-01,-1.060856823507741575e+00
1.074885622137135288e-01,1.893126545888674239e-01
4.173557280430061772e-02,-5.996688561368113124e-01
-3.948988797362374403e-01,-1.624402109762737023e+00
-1.078099887425213232e+00,-9.336042671421737049e-01
2.392066602349623705e-01,1.876001253678742708e+00
4.888006452571670990e-01,-7.046758901309383427e-01
-2.068733151087715494e-01,-6.923780160541016526e-01
9.892759181824025694e-01,-3.095922920672128931e-01
6.085647590861836820e-01,6.550390549162316001e-02
-1.443037857136964530e-01,-5.957080886142522569e-02
-2.483334377129735593e+00,-2.815027197589060615e-01
8.205995553856474389e-01,3.411797523213779271e-01
1.706367140460011700e-01,-4.063758529044336071e-02
1.396981704453060802e-01,-5.913683475746084328e-01
-3.666263117598821397e-01,1.593947736673218651e+00
1.503135651584112331e+00,-1.250803324006878992e+00
7.751259022241029362e-01,2.369538741597695952e-01
-1.139906660442027014e-01,1.390748872770541239e-02
-6.090520779459589473e-01,-6.100760885988221194e-01
2.346381281377684924e-01,2.123679998558156257e+00
-1.363549166537548762e-01,1.820853531387130575e+00
7.208276849172157164e-01,-5.205625731381473553e-01
6.404158022390055160e-01,-3.091478214314832274e-01
2.799773842726254180e-01,-1.345347286948007426e+00
5.021432191030827941e-01,-1.197142483396789636e+00
5.451107409324379427e-01,-8.022740612540080196e-01
1.010514816515260872e+00,-6.016813482035229255e-01
-7.884354413807806994e-01,-1.584421401792761308e-01
9.591760265596774859e-01,9.242573199597651362e-03
1.856128183466062287e-01,-5.841155988653329301e-02
-1.569266752010673338e+00,-1.208677845181119342e-01
-2.045702089078251351e+00,-3.280852755017333866e-01
6.631548045362646582e-02,1.707813128884200227e+00
7.078844121092922048e-01,-1.185078265785090235e+00
-1.879097697066792749e+00,-1.005040724392632923e-01
-5.015489667300810916e-01,-7.164791315431795482e-01
7.157759393965038575e-01,-6.781517856200022232e-01
7.999547531929618316e-01,-4.059524648979243033e-01
1.361317359369544011e+00,1.506335024487467367e-01
-2.569297328313236428e-01,-3.181678475534415185e-01
6.255603318741750352e-01,-1.390707818551420116e+00
1.575261805164144061e-02,-1.087577802544535732e+00
1.829643733910450709e-01,-8.765226424767505537e-06
-3.267421824209620351e-01,1.433337644276323264e+00
-3.259152251384397347e-01,-6.465824410171291392e-01
-2.559287252226893461e+00,-3.880991542567585051e-01
-2.538122744019732369e-01,1.699282150132809921e+00
2.028577664120823909e-01,-1.452758806293621197e+00
-2.765304330492700302e+00,-4.607337899697732109e-01
-2.404662239474460339e+00,7.283075793718230863e-03
5.968320410661497322e-01,-5.278381479970627220e-04
-3.294730002675038127e-01,-2.649639132290746921e-02
1.053523580304548846e+00,1.751581671278670038e+00
-1.770957780262818249e+00,-1.717551635372756291e-02
-5.256541958243844403e-01,1.682634699175679094e+00
6.285045276207381626e-01,-1.002614845934817200e+00
7.361497791424397308e-01,1.391193576371364315e+00
4.012494342375505507e-02,-9.886099801977140666e-01
-1.107680668898487264e+00,-5.864930090453631534e-02
-1.066914298310960518e+00,-5.569171119475615495e-01
-2.821569935824613129e+00,-2.804966982671283637e-01
1.913711196947941229e+00,8.778174084308766612e-02
2.477799399948786840e-01,-7.315425730151007278e-01
-1.676722164734924803e-01,-7.874354132583977206e-01
5.542816171923755642e-01,-1.370517633168796046e+00
-5.212517288942812230e-03,-1.168088138184372182e+00
5.755602525926355462e-01,1.604383637216361569e+00
-4.893238307448891100e-02,-2.259578410756344080e-01
1.048315159519909168e+00,-1.301933005296360690e+00
1.376896954808454754e-01,-8.202316095895336723e-01
3.592010600968447709e-01,1.703984044021939148e+00
-7.159250651942564159e-02,-7.430984185132322173e-01
1.161653581909380062e+00,7.548135459519628165e-02
-2.828789961140557030e-01,-1.560296027607859015e+00
1.094878537477635305e+00,-1.566744882634355240e-01
3.728528198711857922e-01,-1.315056009167494322e+00
8.456280441095707923e-02,1.548982596302084902e+00
-1.491483226161272602e-01,-7.553018977490975894e-02
6.843089491127213320e-01,-8.641924213601938076e-01
1.163107514857665725e+00,1.499526686998235714e-01
-6.144937118762910933e-01,-1.696367913901120517e+00
1.333618489094948456e-01,1.705494797849161914e+00
1.025797158053721070e+00,-6.033523941953299330e-01
5.765178244525345219e-01,1.020956027449136938e-01
1.626092433284851702e-01,1.564861276147933689e+00
-2.784563593259584025e+00,-2.000196162909785857e-01
2.517205645501258693e-01,-1.010805098319236262e+00
1.651927510162004564e-01,1.653628665549265575e+00
2.710775347079305009e-01,-8.619449493601938350e-01
-1.826330756426806312e+00,-6.245445132741583860e-01
-2.521815638174017549e-01,1.935567354618885849e+00
2.660381887519404076e-01,-9.151928965107432035e-01
1.267674862412158765e+00,-1.228324553016589826e+00
8.133797879053629165e-01,-8.969971826062917986e-01
5.016808597814506054e-01,1.957571669642327317e+00
-1.959932002801663409e-01,-6.869514238816899487e-01
-3.101266921205121374e-01,1.473755975765363990e+00
-2.909198769486969205e-01,-7.836816447056161872e-01
-5.495002475788490770e-01,1.800810849431650373e+00
7.859234614335043612e-02,-4.442271630928428805e-01
-2.573140924332132595e+00,-5.043568576925507863e-01
3.901551019410979260e-01,1.744893447758057159e-01
5.600776944488645714e-01,-6.066632932419283586e-01
-2.119862150430797065e+00,9.025163913348427380e-03
3.838286897079824511e-01,-2.118348322882072643e-01
-4.436803145476471422e-02,1.495041143682207530e+00
1.863869005323447181e-01,-1.042929189733611262e+00
-5.829202649132608771e-01,1.852178192123329792e+00
-6.071347477334733123e-01,1.709109179232801257e+00
-9.036617651732767320e-02,-7.083453860273817293e-01
3.722191712128643526e-01,-8.708312318829737608e-02
-3.701486465782320712e-02,-1.160325959456962375e+00
-1.715676764070618587e-01,-2.200443401223222961e-01
1.303270644032082926e+00,-1.478159289657848471e-02
-7.305911872911211025e-02,-4.715161432002695219e-01
-4.119545272370620514e-01,-6.448032268118367716e-01
-1.346068286222157129e+00,-8.719095526735106683e-01
-6.532698892397311718e-01,-6.446795813959601551e-01
7.715723513122392241e-01,-1.063626871716340627e+00
3.048436136531298413e-01,-4.472105709976894605e-01
2.971542272560148690e-01,1.420067179711055783e+00
1.022388117115403672e+00,1.809546432805525296e+00
1.141341499764338074e+00,1.789552439799546590e-01
-2.357641223150043208e-01,1.850253163326265549e+00
-7.421401638210032292e-01,-7.597228631598434978e-01
-7.296376465146310331e-01,-5.474592388520571618e-01
6.010867188408967055e-01,-9.230120332110185455e-01
6.373041797552546350e-02,-7.321411656413818747e-01
-3.274857147154465187e-01,-6.884847861263228008e-01
7.869564382158629190e-01,-1.252814654790104267e-02
2.330064280819945932e-01,-8.345111693555709032e-01
4.346648600276358798e-01,1.442827889686540521e+00
1.037705609009811791e+00,-6.643838646820479643e-02
4.119836400308930502e-01,1.992013691782067442e-01
1.021589471611741740e+00,-1.054512616408227910e+00
4.510280683901490284e-01,-1.437561423568909591e+00
7.830858262422086824e-01,-1.048381669092091295e+00
-2.841397799047469697e+00,-1.634368040249385423e-01
-1.953779959942755662e+00,1.859611514914271541e-02
1.928487033452712940e-01,1.949361207064513879e-01
-2.081627064557205475e+00,-3.379861601880859712e-01
1.338052990860872926e-01,-1.891047051465279683e-01
1.783945357408747712e-01,1.853831410613299591e+00
-1.652356765106295644e-01,-7.481023813365759167e-01
-3.318899715502156678e+00,-4.211444516819604078e-01
8.247011563351621666e-01,1.539835874464011489e+00
-2.647137793252845595e-01,1.385031864529626677e+00
-2.005894982779623803e-01,-9.335758711748030070e-01
2.800562589854633244e-01,2.015465538105436050e+00
-3.962970313482648832e-01,-6.363839139236711073e-01
8.152638634612228152e-01,-1.887813819358608869e-01
4.461389048301064308e-01,2.081245627967938550e+00
-9.061556377267155904e-01,-8.047220053820340890e-01
1.718002732162635215e+00,-2.297358067109452062e-01
-3.172994371539031300e-01,2.052560693699519767e+00
2.998567962737430648e-01,4.486118438707562550e-01
-2.141707393930182501e+00,-1.249174100153747635e-01
9.408926655538886186e-01,-1.173136707600594075e+00
8.396969598129353507e-01,4.396939654003076958e-01
-2.259950664733840486e-01,1.959729273205304878e+00
7.747340785657986784e-01,-9.806373314354856208e-02
7.524190022386810506e-02,1.864881170480959138e+00
-8.154578010246443798e-02,-1.060525424578003140e+00
3.278357752444792106e-01,1.784403048781876722e+00
9.835121204653194393e-01,-5.168470191929659396e-01
2.066677483228246626e+00,3.267163410844469151e-01
-7.648169825177683068e-01,1.586892968908686363e+00
-4.121644336922248297e-01,1.659222208809308041e+00
1.319653970615885796e-01,-9.311405600333230170e-01
1.034182805681828743e+00,-3.784877671052432335e-01
-8.690777907498853372e-01,-4.530136375567005991e-01
8.625996714459858161e-01,8.535853120781251857e-02
-2.526227346225862203e+00,-2.016395284784157083e-01
1.356916873591211381e+00,-6.021206301072412614e-02
3.045080724633577041e-01,-1.096766339680973479e+00
6.101667124196024083e-01,-1.281212129385093546e+00
4.034468283483131357e-01,1.928539707283075666e+00
7.939897999087519587e-01,2.680445776346537454e-02
-2.548634704866627576e+00,7.428442928227216302e-02
4.701290784205498507e-01,-1.329532583684385205e+00
5.411777007223880220e-01,-8.990557580430867946e-01
-1.518561081129965906e+00,1.377405388844444412e+00
7.743500557029129316e-01,-5.922960129156034093e-01
1.430854596376764931e+00,2.817167080745500707e-01
-2.327273229715874636e-01,1.770161229333387265e+00
7.579516816574007887e-01,-1.108978512581498599e+00
1.093574984715990572e+00,1.497554379598813740e-02
-3.786496276997237120e-01,-8.614359711174756074e-01
1.463828135097841265e+00,-3.283226734393921431e-01
-1.160411747302242946e-01,-5.050100218235283878e-01
7.726262344936283277e-01,1.986346252706444604e-01
-2.036693000320764391e+00,1.322494398835334095e-01
-2.143271909735297687e+00,7.827998211370618131e-02
-2.191770628421978895e+00,2.358782671565677336e-01
1.180133489732739127e+00,-3.314079299542391222e-02
-2.291770064866096024e-01,-4.889115012994303955e-01
5.158379643298237616e-01,8.156701640268641806e-02
-4.431505108556902384e-01,-7.436969123286071293e-01
7.311587205093649233e-01,-1.043133735856167421e+00
-1.109226967572117140e+00,-6.434108647395194724e-01
-6.364376672958170500e-02,-1.390160139192484712e+00
-2.062095192784295095e-01,-5.370665000490441043e-01
2.683904023103109715e-01,1.793128370336773969e+00
-1.756522535989086808e+00,-4.225074813328072096e-03
1.043828935923920787e+00,-6.995299004312121038e-01
5.261199279340600388e-01,-5.163914539212460797e-01
-5.246515096039094939e-01,4.053180261982146648e-01
8.149822013840305468e-01,-1.182062583144869894e+00
-4.453212696319653330e-01,1.280289045993463493e+00
7.866257158186656939e-02,-8.811149132030519082e-01
-4.370328732669577498e-02,-9.995654512664070568e-01
1.145124705810123267e+00,4.080008517130948031e-01
-1.393949767643811767e-02,1.606038924233758047e+00
1.020537518352971684e+00,-9.943802249936034565e-01
9.227236283969060260e-01,3.988514415734180640e-01
2.698989823242741726e-01,-1.139113172050085998e+00
-3.313372127037522152e-01,-5.573826200066779313e-01
-1.749846326959836329e-01,1.451331754484555203e+00
-6.399919673006226883e-01,-9.958449776838855794e-01
-2.248615109380214250e+00,3.734215200717050376e-02
2.657825549218971184e-01,-1.126058748054837633e+00
8.036708768907192546e-01,-5.475150560252503018e-01
-2.256267975653665658e+00,-6.688385690082296331e-02
8.954321169101340239e-01,-2.495617077193241773e-01
-4.701587038744272640e-01,-1.001758258819495540e+00
6.144938895296916392e-01,-8.882854005480750326e-01
-2.650299175438911026e-01,-9.173514335812134046e-01
-2.008835877107596701e+00,-4.050774596822077633e-01
3.212237897449322643e-01,-1.047237659328646764e+00
-1.886270109833007580e-01,1.828820066916331699e+00
-2.112675386501812191e+00,4.103363324526085876e-01
9.441188274908969558e-02,2.166643900173800819e-01
1.133642553127297559e+00,9.849794393002193893e-02
-2.282895925049480967e-01,-7.886768852336831781e-01
1.582051764141482630e+00,3.120538214311000536e-01
-9.100053827309234622e-01,-6.198058539001081169e-01
-3.132648450800231688e-01,-9.865500823552938447e-01
1.193738914130154871e+00,6.805052901150064615e-02
8.703820835696001179e-01,2.058497839087003733e-01
-5.980906181409078037e-01,-9.503667691900089531e-01
2.612766069533286051e-01,-3.984990515921303655e-02
-5.165920336086640002e-02,1.238522610194916052e+00
-4.310416193587562894e-02,1.572227094819385718e+00
1.306651575006579691e+00,-6.880119254939029982e-01
-1.538417794192038779e-01,1.668922264311283321e+00
-2.005209897941737207e+00,-4.337934907744113167e-01
1.305191462110848910e+00,1.690823209250280623e-01
3.777031739787549136e-01,-6.567732881110180942e-01
2.636883698958466526e-01,1.678110607696113865e+00
1.052956177060217380e+00,-1.128689215609254559e-01
-1.022743351498101916e+00,-1.301953889214858107e+00
1.525776870777929561e+00,-3.431636951048745721e-02
1.539728272550703769e+00,-6.499783513173543192e-02
8.839846724664905953e-01,8.756278306373113662e-02
1.883616187965774791e-01,-2.448971171467149710e-01
1.171574903104017684e+00,-9.684403897302861219e-01
-6.077341259549003116e-02,-5.020227783166184565e-01
1.072326342052902115e+00,-1.672049738305320943e-01
1.014218754291328128e+00,-5.718294211061950572e-01
1.051358567574822045e+00,1.717007840528604334e-01
1.666174313888520553e+00,-6.530563661178496737e-01
9.311922783738986187e-01,3.914090776279471884e-01
8.625017560028286345e-01,-1.813429721173269449e-01
-1.672193665520973482e-01,-1.122162420159524610e+00
-2.618789747011927016e-01,-1.040198058283329008e+00
3.857752182332579438e-01,1.491230069903363598e+00
1.598450855584086228e-01,-6.751237668016593085e-01
1.299672153393409413e-01,-3.470200863183051654e-01
-1.093059294706720530e-01,-9.518603417832937064e-01
2.542817527852188689e-02,-4.542535307064029526e-01
3.257019810487333800e-01,-6.591130151707986773e-01
4.110539332548556191e-01,-7.460032526559402521e-01
5.883612439961560803e-01,1.354510739700401541e-02
-2.256477095988541404e+00,-4.721669444323522806e-03
8.771564849122124308e-01,3.884525911250309438e-01
-1.946416860504690260e-01,-6.083501395326933459e-01
3.768333769028573976e-01,-1.419653554461052514e-01
1.160594639668197647e+00,2.341496644913774461e-01
3.464620456165929951e-01,-6.820807788701098717e-01
1.938238611512536555e-02,4.514768363232875559e-01
-2.921627136230720456e+00,3.197147448982257667e-01
7.075816197102769989e-01,9.303145769656812059e-02
-7.312711698994888154e-01,1.346217124827691514e+00
1.645614777761994496e+00,7.666432931284115904e-02
-4.872782559006840208e-01,-6.705326043047862283e-01
4.669053606268459000e-01,2.258316377092180804e+00
3.627593199395298673e-02,-9.915294446916113058e-01
1.281983529738059679e-01,1.683760873376561440e+00
-1.357706409917676937e-01,-1.008413730645679074e+00
5.463570710546177267e-01,-5.299870699969495835e-02
4.056059892701482927e-02,-9.221966499362906911e-01
-3.627371643941721957e-01,1.736880256900337427e+00
2.119501314267543401e-01,2.041024974897915456e+00
4.592774517433126924e-01,1.506243993613560539e+00
1.024175152024813018e+00,-2.264701680982884602e-01
8.548085564341476594e-01,1.693510609160429059e+00
2.584075075259403276e-01,-9.042018558738810219e-01
-3.615471301706405516e-01,-1.190621484480913761e+00
1.039918537106552465e+00,-4.980692360743251279e-01
6.182246883656024039e-01,-1.186879451886036357e-01
-4.046110303530099372e-01,-3.943875472775156821e-01
3.827380937152680684e-01,-7.546779499887599219e-01
7.413037884344834128e-01,-1.350056133199427855e+00
-2.623760567413117695e+00,-6.034280969887926421e-02
6.153749494181169899e-01,3.649005580191367892e-01
-2.436954968592282889e+00,-4.797992790645529831e-02
-3.087530197003450105e+00,-3.745839682704535205e-03
5.874279454171920101e-01,-1.287235700844457265e+00
-1.138277172428368844e-01,-8.477353138813646938e-01
-4.591133980049777463e-01,-1.165965481823531658e+00
4.958907166279207246e-01,1.559130000635980950e+00
-6.587833168427151831e-01,-7.466853865874388818e-01
5.060171697793430790e-01,-4.800907660197081261e-01
6.096268773115722656e-03,-6.696244509024035230e-01
-1.280559694032982199e+00,-6.759437059078498011e-01
1.116188451301389550e+00,6.437810303595944972e-02
8.306869038804278738e-01,-1.338381512642259352e+00
6.317412956497063803e-01,-1.102324695187017811e+00
-1.760790876135516769e-01,1.904126096990650607e+00
4.989917277690838482e-01,-1.021606250753864797e+00
-4.336991596173391805e-01,1.475641209464049863e+00
1.506379338703974113e+00,2.305139499861216523e-01
4.728949228625013435e-01,-1.021564009617544677e+00
5.991000373715501537e-01,5.077818117528796193e-01
-5.475049552736314107e-01,-1.189528025247061027e+00
5.832592223249416508e-01,-8.056692789382581266e-01
-5.698550813019772621e-01,-8.269622413081428869e-01
8.985666633561317784e-01,2.340422965072403716e-01
-6.810142403839558600e-01,1.968404227147954710e+00
-1.876232253823783003e+00,-1.678448720020170593e-01
-7.477136383432611555e-02,-1.016607118193943782e+00
-6.104576023079363312e-01,-3.252083491213662580e-01
7.695039353955955841e-01,-1.120830302327328054e-01
1.235606849125651330e+00,2.978942513691004712e-01
-2.964234566385905989e+00,-1.477044359829565202e-02
2.987230577055691727e-01,-7.858456665855515499e-01
-1.099690849608922827e+00,-8.894140393269858169e-01
-3.064452831601202631e-01,-8.223308067625708651e-01
-9.711864077732153266e-02,1.191669183347280558e+00
-4.096285900770719191e-01,-9.903277591323259577e-01
4.670880733344866254e-02,-3.333253796557014148e-01
2.658876710750668337e-01,-1.048382022041711714e-01
-5.350208086496653914e-01,-4.476880557616122469e-01
1.227736615173870421e-01,-1.024571926386712128e+00
-7.866782737676917270e-01,1.836589914909242172e+00
-8.414273422896864640e-02,-2.899636930296579096e-01
-2.711467960011566980e+00,-3.016989982704691986e-01
1.998291727335513301e-01,-1.159940182051381274e+00
7.090854491315497221e-02,1.473491888479663725e+00
4.511858964554423257e-01,-1.128477213837949300e+00
-5.834069116322694315e-01,-7.292182536291803574e-01
1.401884443247639403e-02,-7.273342169981573679e-01
-2.469826578590330168e+00,-4.131023071266004543e-01
1.227277822578112687e+00,1.541321005182568538e+00
6.150892069513275162e-01,-1.371493008624605492e-01
-1.159713547111425491e+00,-9.484987573503012026e-01
6.478823740319447078e-01,1.467687863439843143e+00
-1.165955133403749677e+00,-9.517300883696417912e-01
-2.323308928959550101e+00,-1.556216567530836759e-01
7.384935521958594373e-01,8.421252793817693427e-02
2.961137219699601364e-02,-1.086730859512804237e+00
-2.396994845858105849e-01,1.639228838154838330e+00
5.686709302682496636e-01,7.256193066889427001e-02
1.041019202786364339e-01,-9.242700424258394332e-01
-7.574969048190450804e-01,-9.412674927230558763e-01
2.128178554555170410e-01,1.488871939668410249e-01
6.433146752953128322e-01,-1.312897432016928212e+00
-2.687929373235783626e+00,-2.280279452414689378e-01
5.100889827140896449e-01,-9.446969779212903706e-01
-3.249705295618970369e-01,-3.902181031172777814e-01
-8.303069670800188318e-01,-4.671782585805565047e-01
1.936857632737884194e-01,-1.409559461776829448e+00
4.396214013321730341e-01,-1.119402256580238175e+00
-2.526424099930774325e+00,7.782335367716991005e-03
3.902201678116293260e-01,3.540820229138063047e-01
-2.069630830369732222e-01,1.856943627364236793e+00
4.447442098763407792e-01,-1.431275632629765981e-01
6.773915496565101613e-01,-1.218235225003670097e+00
3.161833101699995097e-01,-1.007941496227089617e+00
-2.409088630998497571e+00,-2.026247771425157274e-01
-9.816764491469857912e-02,-7.738626463489043372e-01
-1.094822905084767289e-01,1.785668563400492292e+00
7.524749116980584684e-01,-2.956449385634569715e-01
8.432884228526863479e-01,-8.827631047466025782e-01
-5.708723641796239479e-01,-1.320246828547342988e+00
-8.971193685269704399e-02,1.787017798476415287e+00
-1.452933696492160476e-01,2.243441296390374581e-02
4.847115497716321109e-01,-4.659219452480425905e-01
4.680174366888768533e-01,-2.530271236809683022e-01
-8.107044559906662062e-02,-2.436345657533713627e-01
1.898081765268917476e-01,-2.146929469963932136e-01
-3.920845929552116416e-01,1.261276775787724791e+00
6.242532274737021547e-01,-4.917691266990479870e-01
4.363419490187143701e-01,1.805066525267866373e+00
1.221758802920609899e+00,2.828372365361256358e-01
-1.695009556020079966e+00,-2.628992970764027493e-01
-2.114383793866921213e+00,-6.142923236018283523e-02
1.088281728207380672e+00,1.294064537067441956e+00
5.535593383831087788e-01,-1.228078969763544581e+00
2.928495788818545886e-01,-7.592996345844221784e-02
-1.013603635419080495e+00,-1.286840680483256616e+00
-1.228280458253582008e+00,-7.413495771179805516e-01
1.122971462837611956e+00,-9.481229564594462200e-01
7.969953520186253693e-01,1.789898233683365314e+00
-2.002128949709065520e+00,1.376630887697633532e-01
-3.447912690920957868e-01,-9.240082362463246657e-01
-1.858466376485109040e+00,-1.734225209031545201e-01
-3.021630260819687663e+00,2.262000475793622956e-01
7.981204154388270300e-02,1.495463322948918372e-01
6.733209471110044309e-01,-8.881697297325202856e-01
2.161628682826450820e-01,2.025487059113796118e+00
-9.796763083159780727e-01,2.091220379246233829e+00
-3.317786986048597342e+00,-3.628913550590686654e-01
-1.870568798430531920e-01,-1.392018546388957168e+00
-1.294228319997553223e-01,-1.146731473861525741e+00
-2.289439335403766207e-01,-5.701673279760374191e-01
1.011289629050672545e+00,-3.661069082627479293e-02
2.257448862957610880e-01,-9.581105062500129277e-01
4.566740103236947013e-01,1.802902028314759209e+00
6.740535151811839487e-01,-6.945385362572750187e-01
-1.094542416635275184e-01,1.616314734192623614e+00
4.215559054387285620e-01,-1.207280461166790220e+00
8.611570571753554004e-01,-2.157863898011802284e-01
-3.196948282266201424e+00,1.715396308104728262e-01
1.536364284809726088e+00,-1.982738649399152508e-01
1.432128619371189737e+00,-3.782803290384812445e-01
1.155765736905872976e-01,1.613193318063107506e+00
-2.320059629850308003e+00,-2.377780776342725555e-01
-5.580179297414161743e-01,-1.028019483713491278e+00
-3.196169929297876244e-02,1.684263416587509665e+00
3.897360957791904945e-01,1.911648821311719426e-01
-2.314834889099041115e-01,-9.661842052232920697e-01
5.761776761620043263e-01,-4.980030127154225772e-01
-2.671563738188158510e+00,-2.136265667941460861e-02
6.517802935705768741e-01,1.842287321106450770e+00
3.286674143340455045e-01,-1.149514139634693510e+00
2.283177972162624483e-02,-1.429833825573794681e-01
7.782346782297017151e-01,-1.495853908930535603e-01
1.624241055456799865e+00,2.270783424879584678e-01
7.090124514689872051e-03,-6.523534479839341316e-01
-8.141946390872039085e-01,-5.443815954170193594e-01
8.369732443372300545e-02,1.711715747804570809e+00
-1.212926163602506158e+00,1.981681982284914101e+00
7.093741611992023799e-01,-1.115234661064416155e+00
2.972978857258682384e-01,1.635652722913057300e+00
-8.128355268403600342e-02,-7.253005663238806244e-01
9.434034816928028588e-01,-1.138362829561628597e+00
3.722058704796465389e-01,-9.483365533590469854e-01
1.271297344327368295e+00,-1.260362322789659650e+00
-1.504718815683661892e-01,-9.399351742250232622e-01
-1.023284682405586565e+00,1.313238057958683980e+00
-2.891374479745554726e+00,-1.011625126096215854e-01
-3.347359315902903587e-02,-6.872744503810170047e-02
2.456426674863868842e-01,7.524468768097745952e-02
1.781401316381481803e-01,1.401036772394345542e+00
-2.403761450128752974e-01,-6.500108572251196426e-01
-2.130080526279253261e-01,-1.787001856289224255e-01
-2.231642844683819238e+00,3.465658656212566857e-02
-2.854376017203309246e+00,-3.918526801264005655e-01
-3.015755424118867281e-02,1.774292842276621984e+00
-5.525860986679386189e-01,-4.977717718315378681e-01
5.750096535717037771e-02,-1.208022326962392645e+00
-2.948704855058026819e+00,-5.272293761736588369e-01
5.396731290844185569e-01,1.612143411281109717e+00
3.899499559232182389e-01,-5.718119458545736222e-01
-1.491791983138907318e-01,-1.273608561098308334e+00
-3.231157072348016523e-01,-6.138566699872376464e-01
2.857363749771614225e-01,1.923744740842853851e+00
3.568839966384646512e-01,-1.166227588638806711e+00
1.908322427489336504e-01,-7.205936860829369184e-02
1.166195244416588839e+00,5.220603833191446441e-02
-1.231640869281285383e-01,-1.176383761942915163e+00
1.484522432178708717e+00,6.441690122502962135e-01
-5.721340720209298070e-01,-3.681372802040328573e-01
5.852392431133284223e-01,-5.975111172055658226e-01
5.529149148717655837e-01,-1.448200874614068989e-01
-4.836896528595295286e-01,1.343914726544336746e+00
2.473257838844838685e-01,-2.389495079867626492e-01
5.731403114992250636e-01,1.900023621205374935e+00
-2.953435867830778161e-01,1.820971228104506512e+00
2.440859248240976054e-01,-5.664112339159902421e-01
-5.210775695924927398e-01,1.840253003726468162e+00
5.571935843937912969e-01,4.275298180041082197e-01
4.395337587391610901e-02,-1.097748768149280130e+00
-1.867142441976698819e-01,1.660121946773803536e+00
4.321736760071609451e-01,-1.223678508582047630e+00
-8.289917750092279380e-02,2.880807158808871282e-01
1.008131909281324790e+00,-1.311741803049718269e-01
4.476189885614504926e-01,5.665487028383227493e-03
-1.550386028292838614e-01,-7.141759147833195431e-01
-5.101626172160746986e-01,-1.229918022113170251e+00
6.959537128909231152e-01,3.291655876272329140e-01
-2.090876384952869149e-01,1.548422477066439873e+00
1.632481100597402923e+00,4.983158196937700346e-01
-2.327790674605412780e-01,-1.435384364498364096e-01
-1.631486015474511997e-02,1.901293911117925006e+00
5.780032940268338137e-01,2.479052162435168571e-01
1.086078922696608773e+00,-7.909571339428583814e-01
-7.962744513190814222e-02,1.763902721818812191e-01
-2.793440706301195675e-01,1.972536677227604729e+00
7.729545421000290351e-02,-9.533837508974426708e-03
-1.099288620332516064e+00,2.260622693118855775e+00
1.268839520363851392e-01,-5.298370496634120519e-01
-1.677053580840641434e-01,-4.936583298488239069e-01
1.251966839180370883e+00,9.042773435838057094e-02
6.208878789550964505e-01,2.525897039516195042e-01
4.483625933550232090e-01,1.770870778280907443e+00
-1.985192755694576983e+00,-8.180236044756003522e-02
1.890493288918515188e-02,-1.147989216329679873e+00
3.415473404698152193e-01,-1.353323839313043675e-01
6.007164457143268077e-01,-5.237813574526269111e-02
-1.141049893666160886e-01,1.489495775155057711e+00
1.143098368244125779e-01,-6.582453913306526294e-01
-3.266521150787066174e-02,1.689387257538067511e+00
1.741482573622830377e-01,-9.979661888747566323e-01
-2.005442771466873442e+00,-9.203233871408979250e-02
1.691945173627196486e-01,1.813832876968016539e+00
-2.700696878658198408e+00,-7.936490847024675263e-03
1.049707786322353842e+00,1.253624696932047256e+00
4.129332256610769303e-01,1.631455474021241414e-01
-4.051406457948886763e-01,1.770439749025735532e+00
1.192609588076193106e+00,-7.648354962024553894e-01
-3.591993461894594231e-01,-8.231768622671896685e-01
-6.132810921816606031e-01,-3.036548738957042248e-01
1.110226788466119885e-01,-6.226529675298188016e-01
6.340394866955081921e-02,-4.617206370015127237e-01
-2.614657537167857093e-01,-9.339114428587551586e-01
-2.233533975956002671e+00,-3.593293059043427551e-01
5.073805600949166106e-01,2.577680082828534003e-01
-4.998292989688421159e-04,-7.639046238332120042e-01
-2.235808334552956467e+00,-3.555849739654416974e-01
-2.583875017156828768e+00,-2.626765692371829108e-01
1.006715194226340149e+00,3.015302985085506760e-01
2.913882486731901311e-01,1.505024212262124683e+00
-8.126409128901673773e-02,-3.002763150736649789e-01
1.478795374545470276e+00,-1.483446646396570090e-01
-2.296240630407094141e+00,-2.790762899658217888e-01
4.247878237392313516e-01,-5.750867204772693864e-01
-8.709352005161860033e-01,-8.850397180525578777e-01
2.192637313456491377e-01,4.033727786925201536e-02
-9.827527977875618603e-01,1.513527103421121511e+00
1.007700429894424987e+00,1.490865445457123517e+00
1.974196662523416412e+00,2.378540809013256208e-01
3.723632417673762851e-01,-7.382222440014796216e-01
1.740042458028940420e+00,-3.993120335203613203e-01
8.362858322469546302e-01,-9.772682764872580030e-01
3.379507136145198931e-02,-9.696181152750499299e-01
9.571467145101382190e-01,7.106621349896241613e-02
1.506863165093879353e-01,1.857763935723807380e+00
5.592194141819413211e-01,-9.389140549787251544e-01
-5.755750134635634341e-01,1.288271128222909789e+00
-2.961481182349701147e+00,-3.187674427476590577e-01
-1.426881566471505103e+00,-5.648410606489412400e-01
8.584480112447823164e-01,3.906885868055705036e-01
-1.707248808394359996e+00,-2.604172035358861548e-01
3.368128097619261796e-01,1.663351681777789803e+00
-8.235465078536518407e-03,-3.627893212621811636e-01
-2.163127001116910808e+00,-2.480395706990279892e-01
-2.541047341377025592e+00,6.138308829680562406e-02
-1.777171185693601496e-01,-1.051338065590381232e+00
8.602385059354735741e-01,1.716932424800357848e-01
7.296610187044315632e-01,2.939339046766085151e-01
-9.854112134655192978e-01,-1.138700223683608792e+00
7.307871981427301877e-01,-2.658680671921749283e-01
7.079588574276047879e-04,-8.330483117844216245e-01
5.136754071125889665e-01,-2.421009302878639469e-01
7.220288386747507614e-01,-7.262244927576313458e-01
5.709327524560849909e-01,1.358953275472930766e+00
-1.688538241107190085e+00,-5.476878347156531879e-01
-2.321340825041996681e+00,-1.508402252937649790e-01
1.569515836040027978e-01,-3.899605411692629031e-02
-2.969615971205791238e-01,1.543074448758675166e+00
-6.283985024479808723e-02,1.676458808271101164e+00
-1.124328902653797951e-01,-9.414825247445317569e-01
-6.843363153113460884e-01,1.548522304782101067e+00
-1.462269368963219796e+00,-2.558788583910654446e-01
-2.902659596497505004e-02,-8.371631314254078804e-01
9.374037360598304058e-01,-2.742774336129632506e-01
6.315622148058795959e-01,-1.048458375060813630e+00
-7.465119272501087311e-01,-9.724164303036921808e-01
8.989588556624475979e-01,1.817791404351502660e+00
-1.551717263192664287e-01,-1.023357567409704627e+00
4.145817548219153936e-01,4.964780431834827090e-01
7.799533619338546719e-01,-8.996472138613715863e-01
3.502537305566881809e-01,-5.802885552937708802e-01
-2.458090860772617514e+00,-1.377506070024358265e-01
3.989409360653106140e-01,-3.705585971297936654e-01
8.047438307921981338e-01,-2.952847550502699439e-02
-7.599711476053180315e-01,-8.454953000453183654e-01
9.652769398184463112e-01,-1.115525883248055933e-01
-2.061647359320972761e+00,-2.572185929083443123e-01
-2.058036809002213197e+00,-4.657637729225777568e-01
1.474934173650783942e+00,1.410931777060083492e-01
2.939459466973085022e-01,-9.072175909416677619e-01
1.114074707264383290e+00,-1.181272013844281821e+00
1.143054600196130144e+00,-1.035771024669346563e+00
-4.781522197814985775e-01,1.800204710330837621e+00
5.006354790792956200e-01,-9.679581235967987807e-01
3.926991532764457227e-01,-3.394393586384018002e-01
-2.473893988120007492e+00,-1.564502513878502643e-01
1.915727937072770337e-01,-8.137130699750486640e-01
-6.676103085403093385e-01,-1.093022691318345618e+00
1.825449892449884093e-01,-6.535879390588460458e-01
3.932900664368385590e-01,-1.381297746282648120e+00
1.488403321731847362e-01,1.804903342352096374e+00
-4.075188973837411965e-01,1.468215503392867438e+00
-2.421973544457240723e-01,1.696549897149498332e+00
-8.103846404221056732e-01,1.224022376816402913e+00
1.640499250787916530e-01,1.596551868019073117e+00
-2.535966570194087000e-02,1.339228512983584862e-01
-2.041401303092421071e-01,1.589654109323026754e+00
1.442455598473872502e+00,1.177005995569478658e-01
4.099082773115551026e-01,-1.505698217817699414e+00
-2.810388225429655829e-01,2.083568822935025100e+00
3.685863656557606394e-01,-6.141373481401711798e-01
5.165717995108788374e-01,-1.452014509208122028e+00
1.762638750201091231e-01,-9.622981823931514578e-01
-2.739275917761202717e+00,-3.293900083543210150e-02
1.158702167868511212e+00,-5.301047764006483476e-01
1.633975944524215240e+00,-1.178804983033723719e+00
1.509453176825643617e+00,-1.171272117252596168e+00
-8.484958492641139216e-01,-8.448467862306271448e-01
-1.317650936658758820e-01,-1.012747236629776726e+00
-1.051798988420277636e+00,-8.149949698579116442e-01
-2.795879958207259652e-01,-4.640273742919511224e-01
6.342984617171303074e-02,1.368130296141411906e+00
6.913222088959557476e-01,-2.701048863033643152e-02
-5.941104618576936724e-01,-9.776598021998997856e-01
5.665359250962158644e-01,1.789330605369996885e+00
3.409486918542045109e-01,1.751325153308620042e+00
1.180867012261638704e+00,-7.859176870955066896e-01
-2.733760875402111989e-01,-1.595598980689779678e+00
1.137561900029896211e+00,-6.845452831897776980e-01
9.129909944337731842e-01,-1.741386152918277530e-01
-2.327611731856766841e+00,-2.198414593892532298e-01
-6.846349181773803139e-01,1.808189301323672282e+00
3.678763770487771811e-01,-2.429915848882057416e-01
-1.391250825929552792e-01,1.917099401768731282e+00
-1.920095291513179980e-01,-1.236480132202124826e+00
-1.121515709914151948e+00,1.533675821398056804e+00
3.063223588344450299e-01,4.295498013494133266e-02
6.085388792325215901e-01,4.630877604959193761e-01
-6.186661310045743489e-01,1.620565180728274601e+00
1.440205384728462601e+00,4.146474408606949380e-01
-6.094832612583744869e-01,1.293663208064414594e+00
-1.157573043945695768e-01,2.728982984745108586e-01
7.127489297173039695e-01,1.280780363222112223e-02
-2.653607606600697277e+00,-1.168709329882507281e-01
9.583695188886203267e-03,-1.033972024458370775e+00
-2.911893312396910960e-01,-7.133187608280004977e-01
5.067085218363692745e-01,1.842377063270487891e+00
-6.031367016741762815e-02,-3.173094724659880628e-01
-2.290655698819288766e+00,2.439734770639970796e-01
3.158546250715736359e-01,-6.121441319284256499e-01
-2.149463714634000933e-01,-2.993504400799368304e-01
-2.764922011998439677e-01,-8.485205601650854801e-01
1.766792201686832320e-01,1.218069588938626602e+00
4.943853617929389599e-01,-2.303239128835275207e-01
-5.138910194536681075e-01,1.835553584764435087e+00
-2.597720196551912775e+00,-1.076241542954498170e-01
1.235124570439117608e+00,-2.535007025293131155e-01
1.470726116609636924e-01,1.796952617778706296e+00
-2.375165968779124337e-01,-7.396196946534012717e-01
-4.447440370082075822e-01,-1.100418885155695525e+00
1.957498744537670976e-01,-1.172117071678536959e+00
6.168589991265601702e-01,-6.710824558643581697e-03
-2.291830679297234552e-01,-1.301129465875776381e+00
6.169511156188801637e-01,4.876356950085650177e-02
1.239467832288436488e+00,3.203550457642020954e-01
-1.669777475865373284e-01,-8.148519593788655646e-01
-8.242367522203105645e-01,-1.024332505189726072e+00
3.713838371688426010e-01,1.460892621378669265e+00
8.277640665403850073e-02,1.475110819830162567e+00
-2.620037937995411514e+00,-3.546178944849408959e-02
-2.163000309122403431e-01,-6.341878969096359508e-01
-3.331561449975205536e-01,1.788093516961624552e+00
2.175694005479894833e-01,1.429505968138218286e-01
-2.352380509381800433e+00,1.416036694822273359e-03
4.199561559289721746e-02,-1.376132142934350044e+00
8.258601525069751981e-01,3.219393798242257687e-01
1.871666963385741900e+00,3.753544456699630522e-02
8.118299192247099283e-01,1.201784953240672554e-01
1.026221480718237267e+00,-3.810790045689174677e-01
-1.674058288770124414e-01,1.665245954424846575e+00
1.687809543820633640e-01,1.421390068145436558e+00
7.894614152906931359e-01,1.474603303254506503e+00
-5.440284498354914788e-01,-9.965353819001648850e-01
1.894796549186276380e+00,7.279676470894796969e-02
-4.804456209183843307e-01,1.515429484734350574e+00
2.922619616493530303e-01,-1.496786328567220048e-01
1.814007154332962224e-01,-9.110579133781041561e-01
1.300024530342603346e-01,-7.291256243761782274e-01
3.685242706558372605e-01,-1.237350830133531643e+00
-5.118158084335302505e-01,-1.531932879983091578e+00
9.483902568753916906e-01,2.549666253045301256e-01
1.815293687595416761e-01,1.647525868807901750e+00
9.770696933571341170e-01,-2.794782614247944830e-01
5.082676100587044665e-01,2.135139584057234308e-01
4.471784766371215691e-01,1.586944799259880634e+00
4.394390385947927191e-01,-9.565630197499951359e-01
2.448143226544129414e-01,1.849919090950304046e+00
6.698910115078385852e-01,1.774181554809117767e+00
-2.199655505265731351e-02,-1.200964715912810732e+00
6.085901514118775557e-01,-6.238903693613273571e-01
2.368772561157553302e-01,1.852410586051052910e+00
-3.834397751425003276e-01,-2.192904288554112235e-01
-2.943181298720802253e-01,1.807141314890067907e+00
6.095569473716421216e-01,1.586136121587650827e+00
-6.500867594027175400e-01,-7.385336654976980553e-01
-1.273466412708849638e-01,-7.287796622164982585e-01
-2.111312475841642389e+00,1.206266765420334480e-01
1.026887615552130262e+00,3.057222369651286242e-01
7.729981816903176428e-01,-9.971746642203589417e-01
-3.203499094141500692e+00,-6.303887183369846214e-01
-4.352761370248850459e-02,-3.643428985955218802e-01
1.057935399995306724e-01,6.139411113839476214e-02
7.662891141275441909e-01,2.312744117876574801e-01
1.033713837050040274e+00,-1.143169890621529607e-02
1.824219331092803986e-01,2.027679737184874043e+00
1.336165412673008701e+00,2.393941187042538665e-01
-1.390177147676738278e-02,-6.157739038486801375e-01
-5.015531049921091444e-01,1.564247708329568720e+00
5.923241859309726909e-01,-6.914357854194572717e-01
-4.295562539481902198e-02,1.861317278601703595e+00
1.212351128115990662e+00,-1.477472589444644123e-02
-3.274166314489118657e-01,1.466583887941523612e+00
7.235639290041452343e-01,-1.093764292860520015e+00
-1.298254953672440051e-02,-1.813855094808900781e-01
1.011167281569209875e+00,-1.306914921459565226e+00
8.584781122904423523e-01,-3.234966614984563504e-01
-1.163719897242322165e+00,-2.095259916493807939e-01
7.095945384244692344e-02,-5.175456264381799176e-01
5.835760625392958506e-02,-1.379579520468724937e-02
4.758307090192782640e-01,-1.524199017391185129e-01
-5.973018420922929783e-01,-4.297706631511295505e-01
-2.858778440854879754e+00,6.109770274358154035e-02
2.120912479394450045e-01,-1.553927275201187896e+00
2.112561448361995886e-01,1.826600806817967326e+00
2.846815403226943819e-01,8.339371012228596891e-02
2.535939666369205758e-01,1.845776928041844123e+00
-2.074608837636190140e-01,-5.752948858696613765e-01
1.121063096118732894e+00,8.004259255614357138e-02
5.690235180643679058e-01,1.863885380465381658e+00
-2.402039277083428015e+00,-8.110746682946656100e-03
1.605902397473726873e-02,-9.813922082093081700e-01
3.134894892770784258e-01,-9.453483648676228590e-01
1.085268167344296542e+00,-8.757062193851125054e-01
5.802917299300640597e-01,-8.376430188339857308e-01
-1.116576132047261971e-01,-1.446246260712860998e+00
5.894005802594920462e-01,-6.309654253725717199e-01
8.365824262853279736e-01,5.728202756236647764e-01
-1.866766653861840597e+00,-1.019534887586097116e-01
3.472224918267236560e-01,-3.035865766025979129e-01
-9.893765242203944599e-02,-5.755002242299791515e-01
-2.725244149257659121e+00,-9.587534119214756456e-02
-1.658983033293368325e-01,2.039963501464883144e+00
6.981633061543622565e-02,1.509108694609886392e+00
2.086580546456657359e+00,6.612474361162093417e-02
-2.604203220009640773e+00,-2.705315756670144678e-01
1.136613171052881288e+00,-1.263074013421649350e-02
-4.990406556124269422e-01,-6.103073486782492063e-01
2.708758076410866869e-02,-1.066976518441589361e+00
2.145234397959253358e-01,-8.528305369524723512e-01
7.082229293663857561e-01,-1.370252840200066879e+00
-3.868735354288472816e-01,-6.656683993306816705e-01
9.579646005831410349e-01,-1.365410132988359004e+00
1.068495402191503851e+00,1.695898804257604420e+00
3.324955606181276835e-01,2.122300667077330782e+00
-3.036870823468333369e-01,1.381166078280801734e+00
1.346172416040871400e-01,3.041012032459898262e-01
-3.948725384622799317e-01,-7.560830820920951822e-01
-3.492845675502840447e-02,-1.171116401704657584e+00
2.691671668316951149e-01,2.088591892972550546e-01
2.985060645499494902e-01,-1.133440656554733250e+00
1.382614476681323090e+00,-2.429429568225670577e-01
4.017135229842889177e-01,1.616748332588311854e+00
1.551976490343365545e-01,-4.523376992244308448e-01
5.411767884677610718e-01,-1.190169394799314162e+00
4.795489059679461930e-01,-5.917717000457504151e-01
1.209525724815670555e+00,-4.780159146693288563e-01
-1.209382771603177698e-01,-1.746604081171604927e-01
-2.340542320290895095e-01,-4.640729013593857810e-01
6.582609667594833125e-01,3.126981109815495929e-01
3.475548360918618851e-01,-4.952931126797932015e-01
-2.415080059918180755e+00,2.385324428621547477e-01
-1.062829343441197283e+00,-9.198902579153133141e-01
-2.664374442343806493e-01,-5.396732254994750511e-01
-1.040525645050442538e+00,-4.506136109477678620e-01
1.186491104944799702e+00,2.210240145350396423e-01
-2.359004705721906847e-01,-6.559198176683687098e-01
2.101552122545147228e-01,1.386060453381566582e+00
8.760946398035412974e-01,-1.875746135137341952e-01
2.366059166221211596e-01,1.578899087781062915e+00
6.700035661993343217e-01,-3.247311185821527557e-02
1.853150577509990182e-01,8.143494301531256641e-01
4.087682589342893635e-01,1.667241148043348442e+00
-4.460200177082840334e-01,1.785364513040761381e+00
-2.041837245123432343e-01,1.707306158693433051e+00
-2.565755698522756978e-01,1.895716155153062799e+00
1.147795554786275578e-03,-1.508746646414328429e+00
-3.128980471454174128e-01,-8.694432292758552672e-01
1.496822035449699335e-02,1.623167223081304344e+00
7.894061596767241173e-01,-1.827014004664252039e-02
1.180027134153619206e-01,-9.604026853938064656e-01
-5.019742841871139838e-01,-8.794548995783042500e-01
-3.888748861907559418e-01,1.709076631803973401e+00
-3.235689634917888746e-01,-8.277628947110247104e-01
8.251395155537729620e-01,-1.919393516636831373e-02
-1.970928935497781032e+00,-3.787407731977808778e-01
8.748528917374274183e-01,-8.999094920383801655e-02
-3.171441667684701121e-02,-1.381446900318322513e+00
6.992435668596982401e-01,-6.664440583167924315e-01
4.611025192676205253e-01,-1.221304581076014806e+00
-2.906654740053719044e-01,1.349686697472238794e+00
-7.440375041499296405e-01,-1.248281758626470728e+00
-7.076307705557302596e-02,-2.210044949793059654e-01
-6.498305366729254517e-01,-8.375289643043881682e-01
-5.523510479850834987e-01,1.813066961186395210e+00
3.923145401996084268e-03,1.842505661967307917e+00
3.865611759556104032e-01,1.544087899187410295e+00
-1.729258473711588751e-01,1.372920537049144629e+00
-3.916000900597939594e-01,-4.382280609311573483e-01
-1.565394219415356503e+00,-2.682682032362673774e-01
1.320031295480788902e+00,-2.282809619998501238e-01
1.468682325053521920e+00,-1.256215968932299587e+00
3.680528814835924423e-01,-7.929843719063875973e-01
-1.287996550692019626e-01,1.604975346738749087e+00
-2.805177782306819134e-01,-8.663833665224571767e-01
-1.083985468260679319e+00,1.748684679642942719e+00
2.314547269117293027e-01,4.961597127625821391e-01
9.140104816212389904e-01,-4.319352187067395654e-01
-2.083701734912358550e+00,7.052493901547819688e-02
7.036550714337278523e-01,4.409495366221040102e-01
7.000935425121286304e-01,-5.947229012451996644e-01
5.017624650839084925e-03,-4.024666368610574363e-01
1.448032953265658840e+00,-2.195926401025604657e-01
1.330576165778316167e+00,-9.974593145764546476e-01
6.676154339841915419e-01,-1.066830989477616232e+00
4.550037732480776143e-01,1.276643336754867741e+00
-2.269263114912129231e-01,-7.670497016233219778e-01
6.168214141400607531e-01,-5.885786568159243615e-01
8.186506132170183470e-02,-1.426700491416655996e-02
1.191395492387923527e+00,1.573692572798869316e-01
-2.968973192100200720e+00,3.301109352435189093e-03
-2.512834220291699783e+00,-2.543245419269957175e-01
1.030304750933096480e+00,4.176343292414458341e-01
5.257298405311306572e-02,-5.116431069850544411e-01
-2.328846623573548047e-02,-5.350373098376749459e-01
-1.035126753107839415e+00,-8.504269042858737526e-01
1.463235554307044772e+00,1.134243723035602003e-01
4.267648976708754982e-01,-6.944148988914196075e-01
5.657045183155900991e-01,1.505393136439651114e+00
7.170842219513630100e-01,-2.941374842011529323e-01
4.042938737985937725e-01,-1.304785593163415358e+00
4.542293666098891070e-01,-7.249972495269719763e-01
3.969356825242956188e-01,-9.495508433871076015e-01
-3.169862460504345725e-01,-4.669900346931660229e-01
1.887579335479586451e+00,9.060056895273116417e-02
1.487331497546097614e+00,1.551135674859797087e-01
3.111045687254144210e-01,2.045731379867526289e+00
2.878922589503602469e-01,-3.319325391969026873e-01
9.763259946592600658e-01,-5.128154955037123042e-02
1.175771234617379646e+00,2.078576220514067596e-01
8.257782050449823386e-01,-9.853512100876783419e-01
4.886211888118047186e-01,2.067040101174364153e-01
-5.824666886822614797e-01,1.946907906692524781e+00
1.018210874685751222e+00,-2.706948859181919076e-01
-1.198892749811014014e+00,-5.434114449295884830e-01
-2.435311056073436731e-01,1.697219288317764807e+00
-7.209623143552018609e-02,1.728084796171770465e+00
1.011609633206674408e+00,3.324097881951285638e-01
-2.490758915953353192e+00,-4.261726634284943027e-01
-1.999306927018462465e+00,-1.361133520388239093e-01
4.489887694956938291e-01,-5.902273816775724935e-01
-2.024736825988451491e-02,-1.213641155456759435e+00
1.282280009541727217e-01,-1.447009023768494940e+00
-1.330324562054694404e-01,-3.897026562466575084e-01
-3.377637981567423453e-01,-4.387598582135889685e-02
-3.514247293982558640e-01,1.873611816881843417e+00
-3.202857357539155458e+00,-1.693788154800942858e-01
4.371078867227743414e-01,1.798729023621423950e+00
1.599369302543423299e-01,1.762103378021474320e+00
-2.488333903878873876e+00,-4.942741375707804252e-01
-7.331631399325043708e-01,1.676436225150505832e+00
-5.723602338300554787e-02,-6.867605005162495946e-01
-6.914751751770025212e-01,1.585434296981363733e+00
8.333378437432359398e-01,6.105642027520041121e-02
1.386580489760154966e-01,-8.996412274974802115e-01
-3.835874390577554971e-01,-9.939095849221031287e-01
9.167906847550207905e-01,-3.306936518997220520e-01
-2.108328052841673406e-01,1.756719745542538735e+00
-9.654321358017708965e-01,1.723828416907269734e+00
-2.164537059710186728e+00,-2.972738063440176215e-01
-1.044940487595217293e+00,1.723349419750148881e+00
5.665561561623916331e-01,4.530408918748566466e-02
6.031056644860671723e-03,-2.420997828717193212e-01
4.180507118865597893e-01,-6.984975599010744274e-01
2.472438997479863704e-02,1.763990040490979849e+00
1.016546534252468353e-01,-1.146785276408695431e+00
-6.040408058559157967e-01,-7.166166103599576065e-01
-6.701437398790376365e-01,1.397474789315406696e+00
-6.036003324344263454e-01,-5.315818807519150369e-01
7.336180320885894446e-01,-3.815184696992419133e-01
7.547196607412647307e-01,1.381746905335825337e+00
-7.894921593660649828e-01,-7.353609124081013082e-01
4.436379224861176640e-01,1.811230520099139873e+00
7.855932768621357587e-01,1.679593358009244364e+00
1.279973046523792179e+00,2.257797259316186023e-01
5.282441157322281811e-02,-6.605843302749624391e-01
-7.069117595886763583e-01,1.834417377921804926e+00
8.906588501797517710e-01,-1.057250745923085100e+00
1.122271613386685019e+00,5.684950266325269896e-02
-2.859379252434846586e-01,1.672355676670723490e+00
-3.016032507924596429e-01,1.817718153132167114e+00
-2.087164576656690418e+00,-5.216820654562246418e-01
3.519411389213189523e-01,1.786060561157630788e+00
2.777296811922172481e-01,-8.401482636467676457e-01
-6.687225666836549287e-01,-1.190841664369819863e+00
-2.913107543112400055e+00,-1.955525802313645006e-02
2.419251700089860013e-01,-1.133760320695396562e+00
-3.539549396576128770e-01,-8.330207671115916757e-01
6.807545111030891549e-01,1.742471729233840139e-01
-3.675691793265589702e-02,-9.582359571809631049e-01
4.516587930007625040e-01,-7.851405367929232826e-01
5.966516049227226226e-01,2.751866228170453677e-01
3.733068723546668910e-02,-1.090068604307033451e-01
-3.023552556707509886e+00,-4.867261564007290264e-01
-2.958764509040414104e-01,-1.235879425645961760e+00
-1.131799044091426065e+00,-4.897517234419893617e-01
-7.334428811106525892e-01,-5.472024599311746673e-01
1.373865763228850456e+00,8.398293521554066332e-02
1.817439245248549051e+00,-3.100901928347530451e-02
1.825188319033377748e+00,3.054351756445519150e-01
8.544674879841249737e-01,4.670897451589190452e-01
-4.465646073210370326e-01,-6.099303133038914693e-01
-1.985563053999269967e-01,1.773753983889498009e+00
4.774245985983655710e-02,-5.604538420254915332e-01
5.484634111356330166e-01,-2.670029544035318891e-01
-2.498015169840623884e+00,-2.490954225039444803e-01
-2.194752163823711910e-01,1.890068409896670909e+00
-4.911555949915622499e-01,1.838246701151386775e+00
-2.681918426926001242e+00,-5.158079322668616129e-01
-1.699770440897059309e+00,-3.672187768591481799e-02
9.675354868896232641e-02,-1.270295951923065658e+00
7.636465966672670858e-01,-1.599617882680960168e+00
8.724597366641096974e-01,1.607495555726861536e+00
3.599633696166064101e-01,1.576732589870443402e+00
7.076561978882293102e-01,6.200954041300151681e-02
9.048541154226318328e-01,-1.384943898372353044e-01
3.564912095630038413e-01,1.730025999264718894e+00
1.417668882863426516e-01,1.771620573964425516e+00
5.370067717549034114e-01,-1.304574344981645817e+00
2.121899527256710938e-01,-6.071967649634087971e-01
4.471467153291189267e-01,-1.412884514137614289e+00
9.122603021023785175e-01,-2.324981228526227517e-01
5.035740907088829266e-01,-8.409595047478191088e-01
5.953072551507152532e-01,-5.865498233978626574e-01
5.569753096993892427e-01,2.863242435926200979e-01
6.600560819424019510e-01,1.295067605565338953e+00
1.960358981780229715e-01,-1.067636691039734576e+00
-4.066123675010895888e-01,1.874285374169091245e+00
4.536382324063311655e-01,-9.004636530592825538e-01
9.675915834658679326e-01,1.587551791692487502e+00
-1.059033734645925540e+00,1.670319247879665570e+00
-3.677548806986257190e-01,-8.180826370332167086e-01
5.980293931705035204e-01,1.609635857187613706e+00
7.670135404431975834e-01,-2.740269406765830640e-01
2.423236611588474310e-01,-1.473975939966798154e-01
2.884249996463954524e-01,-6.594645796622520262e-01
2.668197032379866496e-01,-1.170652454219488492e+00
2.844065299514605266e-02,1.822275126099090148e+00
-5.017013280571498424e-01,1.278299985012114171e+00
9.078553442709155208e-01,-1.473409983875320073e-01
5.831889188853602857e-01,-4.185829250276532076e-02
1.061233421364618401e+00,1.948661023568019290e+00
-3.137241505955525311e-01,1.817926948718746827e+00
-1.956549155527282369e-01,-8.683165508850527736e-01
-3.483050474140595987e-01,1.971513503205534645e+00
2.559498530658326221e-01,-8.404906868074430992e-01
-2.360979757706190285e-01,1.395724751804599206e+00
-1.348258020513473654e-01,1.624172061849400883e+00
4.620425557725608146e-01,1.733651420190205072e-01
4.717010290071168566e-01,-9.912679515404153596e-01
1.307984415968966863e+00,6.263201806886001255e-02
-2.056541520936818190e-01,-3.016084797777278115e-01
1.868068973793221010e-01,-8.976475005304410670e-01
1.425556671941512255e+00,1.308874003799480601e-01
-6.674006679323378766e-01,-7.857635213377204275e-01
1.571997106741239936e+00,1.501386468113902750e-01
5.964655566136107812e-01,-7.969492603336971737e-01
-8.415431277126468324e-01,1.614266900030725038e+00
1.588855672129666941e+00,2.139161244461685596e-01
5.465437017614613868e-01,-9.115874563652347495e-01
5.465741001729808035e-01,1.711136570299696569e+00
-3.732133448326563907e-01,-9.730608817054656745e-01
1.123052738770913050e+00,-1.382840024019333924e+00
4.748754745849147474e-01,-5.258582673829007570e-01
-5.755347769836507421e-01,-7.634640082860686405e-01
-8.444219617150566792e-01,-7.041573541279838588e-01
1.457220283713630105e+00,-7.938360988949831609e-02
1.067452012893681246e-01,1.375176902620562025e+00
-2.553027923416241185e-01,1.588071177945586498e+00
2.957084056588838439e-01,1.638517850288459865e+00
-1.130541895929783325e-02,1.411142516855917739e+00
-1.737357127436902182e+00,2.710713358092567415e-02
6.610095408790809257e-01,-1.072315261798917563e+00
-2.749482709318478157e-01,4.996554264899614184e-01
1.475321945473101692e+00,2.063067435912361858e-01
-2.055702116118238720e-01,-1.257216221077811502e+00
-2.187330462466562098e-02,-3.709484433703296724e-01
-1.573900750471079468e-01,-1.066497687741881917e+00
-2.356126673848794872e-01,-8.942888992091735378e-01
-2.300635769118366980e+00,-4.773561862665062216e-01
6.846212370757516208e-01,1.878079883921731641e+00
6.149442738447773449e-01,-5.402328065744519403e-01
2.952187581048888385e-02,-7.771639262931365755e-01
1.407879154193343064e-02,-1.917703411885262332e-01
5.186250662377644982e-01,-1.150409022364385692e+00
-1.958581595602978120e-01,-1.117609429278732636e+00
-1.900472528548492468e+00,-7.531884356939096969e-01
-1.164419229629408248e+00,1.614275674533214522e+00
4.738396527882132170e-01,-9.767458878116741516e-01
-7.743870152308734989e-01,-6.318030262792753149e-01
-2.641401001955301364e-01,-1.178509314801160945e+00
-2.776869444182228919e-01,-9.283528762352635244e-01
-9.262645461445149220e-01,1.952959834499505831e+00
3.458489096906377513e-01,-1.045717634520423531e-02
7.745940639812427531e-01,-1.455618004016108857e+00
7.250256352320262332e-01,-2.858607508283348420e-01
-2.493668300473399491e+00,-3.544954488930786574e-01
-9.097939213225709754e-01,1.812452361569867332e+00
-2.166450967338311440e+00,-2.946223062050020158e-01
-4.608846289710920030e-01,-1.153173894009739131e+00
-3.386093668486789277e-01,1.785743090057304805e+00
-2.734291651478789831e+00,-3.139649222565806252e-01
4.555315824713803141e-01,-1.677131998986530204e-01
-4.221750671544330369e-01,-1.521033880311154496e+00
8.520825350265196496e-01,-2.425848981247899494e-01
-4.542836292627985273e-01,1.551918554775465475e+00
5.874048981866849539e-01,1.611346477624089113e+00
5.754223569030502139e-01,1.779887708926953138e+00
-5.596147564433155974e-01,-1.029439160292560773e+00
1.963295615638602498e-01,-6.362851822728293749e-01
-2.025950687349773904e+00,-2.238838035836890616e-01
4.487316799124466682e-01,1.479820030666593178e+00
-7.747931263588333506e-01,1.484553648730978503e+00
3.213399440991701606e-01,-1.626703054436626217e-01
1.011957506494284731e+00,-1.741587135063150937e-02
4.842190690625204352e-01,-8.194494918220148749e-01
7.282372034951065665e-01,-6.919715815089690913e-01
-3.054088139925206224e-01,-1.104139082755365431e+00
9.675410075694230727e-01,1.274023912576426332e-01
-2.604225641053494189e-01,-7.895103199422441875e-01
-6.065119494420230239e-01,-9.625418909932704770e-01
1.463840265774045246e+00,3.602548396288494104e-01
-8.020393936426817305e-02,-7.621528521189330219e-01
8.456939791663231620e-01,-1.118684229834062238e+00
-1.599376124205875022e-02,-1.019920380387774772e+00
1.884629651995642918e-01,2.435479995330580572e-01
-3.473120751115579274e-01,-6.155116699955665016e-01
-5.067965735779997871e-01,-8.996668646007094372e-01
-2.537399834642570795e+00,-2.121871120798282384e-01
8.746006341791048855e-02,-1.116279914643250271e+00
2.723520059324879491e-02,1.494004369347851746e+00
3.856889021075247670e-01,-1.286614773409658241e+00
-8.367581946696041051e-01,-1.453924982413686395e+00
-2.299695641037775129e+00,-1.841453766223831445e-01
-3.708476820364619564e-01,-4.540322692974936292e-01
-3.101198763609248066e-01,-2.938818903116265369e-01
9.019175182653906830e-01,1.590828284941177284e-01
2.300118596000309268e-01,1.687011859426593707e+00
-6.916664448683960964e-02,-8.213606809704384615e-01
5.763749939930110644e-01,-1.094909118918908408e+00
-6.500902092182709868e-01,2.042527977871843703e+00
-3.467765649774326997e-01,5.727078462252623361e-03
-2.419616976530772234e+00,-1.507052077651918620e-01
-5.487932195172716687e-01,1.670739118382866151e+00
1.099017006896284121e+00,3.688984432768216970e-01
4.848104112027263879e-01,-6.670492308924312885e-01
-1.639754891217925503e-01,-5.476851543943516143e-01
-2.352488557630783017e+00,-2.341861064049665514e-02
1.997570053359668807e-01,1.724794488404888249e+00
-1.708212192034023746e-01,-1.227078401170857758e+00
5.494583376075958814e-01,1.127553013291440337e-01
2.891327078259582350e-01,-5.668344681623714854e-01
1.246180860374417776e+00,-2.240295905649684616e-01
-2.923579024934670478e-01,1.706203322255204435e+00
4.501822017534293230e-01,-1.067612404963015571e+00
-2.727042805332694719e+00,-3.688637976630174675e-01
6.107727275476260154e-01,1.552339727404123737e+00
-1.230833608640098942e-01,-7.847039291379037662e-01
2.824981340559766241e-01,1.000972702771704970e-01
-1.369706707986436123e-01,1.549004243081947285e+00
-2.070667079293796731e-01,4.879559783136533380e-02
-1.007093230156787200e+00,-5.279851431901743108e-01
-4.912047911330545413e-01,-6.448050826332333285e-01
-2.279660123552994744e+00,2.150819917291061679e-03
8.320462526812573145e-01,-1.353573090554253344e+00
4.782477959263116696e-01,-1.076411597976434598e+00
1.695741860618940333e-01,-6.384713895513414172e-01
-2.987918459904826407e-01,1.382388848638825829e-01
4.708048946388163070e-01,1.497104071522507018e-01
-2.119589612563875569e+00,-2.432134730274693180e-02
-8.720303596834362292e-01,1.385791427958517730e+00
1.321825998487335285e+00,-5.712898957653014254e-01
5.361393038993498283e-01,-4.011688227399645701e-01
7.172321798735853404e-02,1.862575750106897132e+00
3.083256361180907942e-02,-4.230085470653535129e-01
1.481702468958075114e+00,1.061274115186191941e-01
1.636282946955394668e-01,1.592629140312294966e+00
6.703434177408801320e-01,3.735803895184056644e-01
1.056067091941164771e+00,1.627157442425417599e+00
-4.582914245842772405e-01,2.024582502762625413e+00
-1.279504926350087946e-01,-1.053304941901122227e+00
1.745012072224138011e-01,1.827955433227119952e+00
-2.508956719064603380e-02,-1.343122132387859269e+00
-6.852510890869712989e-01,-8.128811248136379453e-01
-4.793563244571338866e-02,-2.329584612554903011e-01
-3.418384375213619902e-02,1.553635906851865478e+00
-2.689204527210916851e+00,-1.349896246227290202e-02
-2.779489944244249444e-01,1.539498055867191129e+00
-1.765026300520972924e-01,1.897922441533273386e+00
-3.032777667921197740e+00,-3.653567193720021478e-01
4.078349997088613621e-02,1.877190408997631677e+00
-2.845385039597725374e-01,1.781891394780458659e+00
8.382489951922815763e-01,-1.097967607414544355e+00
-1.935163571210414823e-01,-6.300788842505846699e-01
-2.029044335846952318e+00,-1.871913572773312440e-01
-6.833177860481212673e-02,2.070703239808810103e+00
6.583771801253229805e-01,-8.953589216046027588e-02
5.420181870099639587e-01,-1.248043332417378082e+00
8.668453626313277205e-01,1.830932485214038230e-01
-1.191783790103711160e+00,-3.228736989162340754e-01
1.115211361352010266e+00,2.428392214922604209e-01
-5.556566711724852947e-02,1.439726211141279189e+00
-4.295120624848808299e-01,-9.603226861678743065e-01
4.069368638986762265e-01,2.007464331051957540e+00
7.877095165099476382e-03,1.878648799142161208e+00
-1.028905195406045747e+00,-1.106290380655261307e+00
-2.109602334741301544e+00,-3.373774579979406663e-01
-2.928743625463643419e+00,4.000044885653515347e-01
5.038031507482537696e-01,1.747209491226894285e+00
-1.147040745754942803e-01,1.728436002279873929e+00
-2.616961974265646695e+00,1.027213580550791899e-01
4.913649684577875432e-01,-1.482198256853204166e+00
-2.395750450952953248e+00,2.792617277482363214e-01
1.569238298871227233e-01,-7.248783298375471862e-02
-1.690491178703004693e-01,-5.595332126852621268e-01
8.620164749747204480e-01,1.496613961235939982e-01
-5.541753798880151294e-01,-6.669614362042977085e-01
1.009174518694230027e+00,-4.306234696820114283e-01
1.740930447958598082e+00,2.741531471877178827e-01
5.448729499202413784e-01,-9.296263055688357424e-01
2.677517436480165644e-02,1.559935131369364791e+00
5.445910624786466370e-01,1.497417214250673423e+00
-2.368161913801746454e+00,3.567843853985993435e-02
4.444669984150638742e-01,1.836744064922147590e+00
-2.689441505111357933e-01,1.784708365357134952e+00
2.766977728435427442e-01,-5.827571207784645324e-01
-2.205878761025008128e+00,-1.687945052979039906e-01
6.383357915080322131e-01,9.956157551389221982e-02
-2.257106285003171120e+00,-4.119471999246518412e-01
-5.644360844111823150e-01,-1.116064174775983187e+00
1.333810176513364310e+00,3.432172692628345234e-01
1.218771119537794378e+00,-2.366375604258962040e-01
1.971667095912629231e-01,-7.407157793656417022e-01
7.873483575295692205e-01,-6.764800061777879181e-01
5.687364460727875048e-01,1.198590256083324479e-01
7.713323785113170850e-01,-1.103750290448391347e+00
1.323745615203875403e-01,-7.073190071877612228e-02
6.862682002836422157e-01,1.780173002185436948e+00
-8.024531809751612732e-01,-6.511954483680391093e-01
-4.442566764507533406e-01,1.313960071582689793e+00
7.461278179280332878e-01,3.549681523992468390e-01
-2.169376164667995432e+00,-3.851346025099537385e-01
1.086576043961779758e+00,1.589937429864754226e-01
6.061997131828466001e-01,-1.068114977141537691e-01
8.395096627102528464e-01,-2.745730782205667020e-01
1.941178839857326394e-02,-1.032950159193799511e+00
9.278842170402601397e-01,-1.151285076617641900e+00
-6.718889660579608902e-01,-5.094348568828017676e-01
1.014937854425171038e+00,3.684965583357165397e-01
3.554361273691714618e-01,1.432938112706390044e-01
-4.247601873749084489e-01,-7.990306051916652441e-01
-1.706494311873097747e+00,-1.358105503919893910e-02
4.852159672929820533e-01,1.881331293258111659e+00
3.013631606485154824e-01,-4.963051505010936393e-01
1.565789517111553675e+00,3.605968492045147356e-02
7.874746165455767111e-01,-7.762428977644675321e-01
2.041603525648955086e-02,2.055398134141559474e-01
4.836397788123159014e-01,-1.039338195425906441e+00
4.605290999511069128e-02,1.833494526678363545e+00
1.903108147210332557e-01,1.760365062075928355e+00
3.622006864187701236e-01,-8.704473665885612554e-01
-8.122759655372428778e-02,-8.798307451855300609e-01
1.427262449194678373e+00,-8.880162787115841727e-01
1.310442293193712304e+00,2.879333014524889101e-01
-2.418013079590148440e+00,-7.276016356512904348e-01
-4.792856702154112414e-01,-7.857548362877454506e-01
-8.149497597496132562e-01,1.818769534157456347e+00
1.698117348092335055e-01,-1.376617884859422380e+00
-3.724781660249890658e-01,-1.048074322731211483e+00
1.468252620895444394e-01,-1.586317850743935054e+00
-4.426391089473328821e-01,-6.184491907123633725e-01
9.488966163955926403e-01,6.940151770300462264e-01
7.359593757141560388e-01,2.043402991312064376e+00
1.488291883438751517e+00,-1.568126750205523501e-01
-1.371771600143943060e+00,-4.981002219713275281e-01
4.806127347383880033e-01,-5.714508524761074265e-02
-5.726277033707524167e-01,-9.438072733656516222e-01
-2.666496293621161140e+00,3.590015868567311697e-02
4.103818835380300123e-01,2.050684933730181125e+00
2.782784238701640489e-01,-2.951782890997015421e-02
2.970952457604009722e-01,-1.444980206767935427e-01
-4.203934990071102051e-01,1.654775409906169115e+00
2.896870776037053230e-01,-1.550115130992531232e-01
-3.174660093548277162e-01,-6.696595397046471998e-01
8.472265551134956774e-02,1.978857158138658034e+00
7.192993855013036786e-01,-1.378077881122947934e+00
3.820631862465330708e-01,-7.911871385156076242e-01
-2.659451872142536644e+00,9.790320856235210090e-02
4.327673294486779620e-01,-1.231673673138053426e-01
8.008705982905003351e-01,2.665069999869710063e-02
-8.083250642811747877e-01,-1.077679183894387993e+00
9.061477137208941157e-02,-5.812925496977163764e-01
-5.002306622007273162e-01,2.058018369209384524e+00
2.945458563129165208e-01,1.925507594027493274e+00
1.860541617994114216e-01,-9.152858658105400558e-01
-2.020030418898764779e+00,-2.036430058894162232e-01
-1.914461966549361849e+00,-1.305069973475478928e-01
1.982923081782422159e+00,1.822623088203391140e-01
2.464586115408172462e-01,-9.981298618212313123e-01
-1.602597529432772949e-01,2.167923189257043415e+00
8.314784247120257654e-02,-5.701639305868130281e-01
-1.558687614200486571e-01,1.948106187532740563e+00
3.309107010598958953e-01,-9.811930088967451002e-01
-2.758534086766441629e+00,-2.323517549761057177e-01
4.078775290620240690e-01,-1.017536815553585772e+00
3.237936895527275261e-01,1.844252293503976459e+00
7.002611587125807668e-01,2.066578257864368329e+00
8.298288253469749964e-01,-3.004537686256860685e-01
8.008824022570816548e-02,1.467416949134161763e+00
3.169986479235015198e-01,1.677997841487551156e+00
9.855991118302618315e-01,-5.869031036574484661e-02
2.230221285030976885e-01,2.230540340127522003e-01
1.161617883809134000e+00,-4.953243047875417471e-01
4.840528577018876621e-02,-8.660790126408561829e-01
3.428489973065951268e-01,-7.148589634590433173e-01
-8.302476356501130306e-02,-1.686494689892580334e-01
-2.784190975677511837e-01,1.252782975925802900e+00
-1.735853887777684124e-01,-3.771708774104838291e-01
1.240554720716541270e+00,5.467919477131460981e-01
1.587015467202625707e-01,1.510864709517333315e+00
6.695578683594263225e-01,1.561147354677277166e+00
1.316962048679354735e+00,2.559627570781923822e-01
-8.234870878139490813e-01,-1.007482862984320660e+00
1.113960929929679988e+00,1.697568478510933065e+00
5.273504869834655384e-01,-1.339465184231075190e+00
-9.383679432378052576e-01,1.751494982747327178e+00
-3.617776784612395935e-01,-8.269850066002700784e-01
4.430172526467404844e-03,-5.129149753615679375e-01
4.761355191194713843e-01,-1.019522206021908017e+00
8.797842289466328847e-01,-8.292070427763234899e-03
-3.197922980679069327e-01,-1.138200902497333411e+00
6.597605381466764563e-01,-8.138649789905186838e-01
-2.161550133857517986e-01,-9.627373978169700974e-01
1.204706331374093414e-01,-9.694139713160951910e-01
-5.982177818970120520e-02,1.726173148953571213e+00
6.413951203833121451e-01,1.864296670152110647e+00
-6.698825930796082906e-01,-1.053086906235519926e+00
1.474313772871271633e+00,-1.637778819917612150e-01
1.062880806874218598e+00,-2.474922024982168511e-01
3.056655563671478726e-02,-1.336407125383624939e+00
-2.138374958654567504e+00,2.421466431071207792e-01
-1.574762663505670846e+00,-8.542479835310063940e-01
1.286881376476979033e-01,-5.523621536399862114e-02
-9.153811262493400935e-01,-6.870921058757183397e-01
5.412506445640469233e-01,-1.311740467094362428e+00
4.593586611298260403e-01,1.276506474715108252e+00
1.152553499228650802e+00,-1.192155545398509320e+00
6.021420489502493645e-01,-7.277693297387974325e-02
-6.344997908262456354e-03,-7.139078794151297869e-01
1.137122340422430433e+00,7.520194340210152317e-01
-5.086950813404739202e-01,-7.176819870135071611e-01
8.038650137548595254e-01,-1.181323413038386727e+00
9.515262678661714491e-01,-6.743303236045031790e-01
-3.550815887421814865e-01,-1.133361920342208062e+00
-1.052496586604755729e-01,-3.414110902517787371e-01
-4.292200312095565962e-01,1.043146081187103641e-01
-5.438226513907750137e-01,-5.461477038924258398e-01
1.483143871260949043e+00,1.640813215654595425e-01
-9.862142121238957060e-01,-6.227761546057117847e-01
1.508414923861910006e+00,1.985626686790433748e+00
-5.267093418691762841e-01,-1.026301764384676574e+00
7.248746604457529941e-01,-7.314230402731501934e-01
-1.100644394348752886e-01,-1.159887232813014535e+00
8.285773632979058501e-02,1.758849874078124209e+00
-2.228651368562892532e-01,-4.705020125658410102e-01
-4.260984110391499158e-01,1.675252623916217987e+00
-2.870735404384525236e+00,1.932434129000831224e-01
-1.847246113495196185e-01,-1.297919973343717670e+00
-2.932160055735171245e+00,-1.305999449089459974e-01
8.120198286690446521e-01,1.775971944391686375e+00
-4.979431664408368596e-01,-3.809150302980625624e-01
-7.924902827429171071e-01,-2.130236246688384794e-01
-1.341958291030159733e-01,-7.364235314715751324e-01
8.052350495804468933e-01,1.387650376728456481e+00
1.109006409386133152e+00,-2.928892174939633219e-02
6.207669479435344861e-01,-1.261730725198834779e+00
-1.333485497753186033e+00,-4.278635980219318014e-01
-5.113636936306428238e-01,-5.656747692406127737e-01
-1.601362981756684345e-01,1.379312530217474464e+00
-1.160514126122525747e-01,-7.875388404575341950e-01
1.166278675174804214e+00,3.083571232116601446e-01
-2.535773068377475958e+00,1.945005898347514639e-01
4.099688623647405050e-01,-1.113311258447994556e-01
-1.045092219214440288e+00,-1.223426875790231572e+00
-5.860522067886344555e-01,1.775592907570261003e+00
3.546623296335094655e-01,-1.143513102456364061e+00
9.927758248079573411e-01,-8.044207560106566568e-01
5.469803721302861632e-01,2.076040647256119920e-01
5.082952369109208224e-01,-3.384282146858237361e-01
2.214717656152905001e-01,1.607063624906860833e+00
-7.744271057064956443e-01,-1.051261332320502007e+00
3.651712488527937561e-02,4.601974837479710922e-01
-4.183830843298827484e-01,-7.650600807556070526e-01
2.142743035258545467e-02,-7.159274501783758904e-01
-4.753320311932048847e-01,1.193076721043471178e+00
-2.406861162184775971e+00,-2.606215559984314534e-01
-3.484613433984742881e-01,2.289270474787622689e+00
8.501706137346118353e-02,-1.042820105468718894e-01
3.025789577892461502e-01,-1.104549490181975457e+00
1.797786960719444382e-01,1.587360555601606826e+00
1.728542787410199288e+00,-2.924652177880257553e-01
-2.563414476709546461e-02,1.494618739686757403e+00
-5.226219937381022529e-01,1.507498650831463616e+00
-2.027281062119928201e+00,-2.433144580152381969e-02
7.535758613121973370e-02,1.794619423502409050e-01
4.076106361717419385e-02,1.399951092479888581e+00
7.535493734906535401e-01,-2.507407593452711247e-01
-1.963959444266585752e+00,-1.627911503319483255e-01
3.597397612496107122e-01,1.833253652838789938e+00
-7.057840228654361781e-01,1.297289898500516570e+00
-2.426614141350651010e+00,-2.218621425618431675e-01
1.194950927966645482e+00,-1.206809897947451082e+00
-3.045042071307206832e+00,-3.843891897818298986e-01
2.428270609944955249e-01,-7.489254146574068072e-01
9.054364669316073977e-01,-2.701352491987573101e-01
2.899697632154444871e-01,-6.928057458672185476e-01
-5.348601052725123622e-02,1.819192812662167480e+00
2.081564688729059254e-01,-6.542857581866633188e-02
5.496156480133961297e-01,-7.917273642378780396e-01
-2.982798300058612379e-02,1.911407506698244774e+00
2.824845538102605524e-01,-6.637988956777017835e-01
-2.459754061358368826e+00,9.142544662001728106e-02
5.449548552166331161e-01,1.429579526484406893e+00
-4.902527176595427583e-01,-8.580059957416461547e-01
3.348930695636958416e-02,-1.165180670078281855e+00
1.448126541144209301e-01,-1.259303582459356585e+00
9.278603257650676062e-01,2.042170323224049289e-01
8.942995056667464582e-02,-1.006397256268354079e+00
7.885664761770728726e-01,-8.562823019385465972e-01
-2.389859772866289145e+00,4.208214580380915115e-01
-2.467905191121530784e-01,-1.783168748626231814e-01
-4.110246885586122390e-01,1.762138032677736943e+00
3.502573783370894200e-01,1.356294999050813077e+00
-3.794957593038846833e-01,-1.121390738633969653e+00
2.852323524340960037e-01,-6.665082490855763764e-01
-4.195561342007517736e-01,-1.210157924341353608e+00
9.567989029040913085e-01,1.647861339699520089e+00
6.686826387704757346e-01,-6.847818020061683386e-01
8.602484764324789257e-01,-9.000720104137825694e-02
3.979294584081676245e-01,-5.775081722050424693e-01
-1.709406618890505214e-01,1.426513672942896660e+00
-1.817966125624531915e-01,-5.159026972345048812e-01
7.217142985092963592e-01,-4.698886348836820992e-01
2.417062896688441653e-01,1.340229499374303024e-01
7.314746430822505197e-02,1.648163601963543279e+00
-2.569189351780213834e-02,1.743788320756511689e+00
2.354694074976472207e-01,1.707514562484368392e+00
-5.862035243542632612e-01,1.778223528009735821e+00
6.358260362049604764e-01,1.801044225644008234e+00
8.319852087036995192e-01,4.045508984733984237e-01
9.365266946121267866e-01,4.211460670558314634e-01
6.617137868053186711e-01,-7.966139012163223621e-01
1.424790779033348276e+00,-6.082759287437488060e-01
-2.470656285125372165e-01,-9.271293204396805487e-01
1.193886600472403164e-01,-6.151905337794667528e-01
-2.349770900216650027e+00,-5.000252835495318238e-02
4.007554832022920677e-02,-6.349185730669690830e-01
-2.503852383090106604e-01,1.590801806872992774e+00
-2.222508446671947746e-01,-4.509647421754523489e-01
6.710859376438997881e-01,-3.666439006270928447e-01
-5.185501916673969092e-01,2.093626061650581072e+00
6.163690239891645994e-01,-4.585735710597046988e-02
-5.663600046622256912e-01,-8.854348445482128627e-01
-3.316197001518027265e-02,4.339546743269064866e-01
4.417254141577387494e-01,5.724221239541305017e-02
-4.970638061496203408e-02,-2.810682177142229815e-03
4.222483811567706580e-01,-8.594525189505644036e-01
-1.372431896222288950e-01,-4.015036446562096351e-01
1.732873207211316879e+00,-1.333974829586858646e-01
5.935788718939789543e-01,-2.220379389955602079e-01
1.177073460889260348e+00,-1.054270943786604686e+00
-1.857796520875355517e-01,-8.611460691674447387e-01
-9.979830808289312516e-02,-7.341791409462449236e-01
-1.886041623747536145e+00,2.710200350097197869e-02
2.702571024735642702e-01,-7.349118727467888190e-01
1.582511940438280362e-01,-6.365667727152203303e-01
9.248272774079115965e-01,-6.614039696723582329e-02
-9.079581626862268662e-01,-1.142248639391173270e+00
-1.291535595852317364e+00,1.753558548655304694e+00
4.505050223174374424e-01,-1.204828307346907490e+00
6.684582870907882501e-01,6.280183619246332283e-02
4.860832198458295839e-01,7.816224296768739532e-02
-8.839339848735107419e-02,-3.532217167776488531e-01
1.580940177396807644e-01,1.891376742561153623e+00
4.336517481062587276e-01,1.375643803608820104e+00
-2.992867295809600314e+00,4.283549010968142751e-02
-1.139182851935010898e+00,1.705527320950138925e+00
1.616598465954435015e+00,-8.234662094254818765e-02
9.932733943435825275e-01,1.662734971704120657e-01
-1.030588404062091179e+00,1.703308734920078837e+00
-8.680161060687880958e-01,-6.377460267547244710e-01
5.100001058566077106e-01,-6.607077048390156415e-01
-3.166851021676286848e-01,-7.088296457687246477e-01
-1.888779095001550168e+00,-2.840514533179359230e-02
2.484181023971470878e-02,1.632379577728271025e+00
7.731508860487333878e-01,-1.176244763896823198e+00
-4.096108162866085034e-01,1.990430246720507057e+00
7.985253265930570832e-01,2.213297195625406333e-01
-4.616341405224674843e-01,1.448770221924893686e+00
1.161197023789850707e-01,1.463815659849543316e+00
-3.169552955127878935e+00,-5.105827074632346418e-02
-2.559814400521450706e-01,1.886579070176428674e+00
-2.693336389473448000e-01,1.401436312262614559e+00
2.677096194974037946e-01,-4.349742727479307125e-01
-2.813444033162511571e-01,-1.301994612153249964e+00
5.302438055416763829e-01,-6.310404349137994640e-01
-1.827994347327396019e-01,-2.824456916985628244e-02
-1.028339290298726783e-01,-8.474555775232223143e-01
-3.259089807505408110e-01,-1.283672653705829836e+00
1.006522012787972736e-01,-5.958734351750657465e-01
-1.931689453543754764e+00,-2.558834893605732921e-02
-4.350492614244061418e-01,-5.957474271852618575e-01
3.577074563683743103e-01,-1.011560408049420490e+00
2.292367126218240181e-01,-7.495404839037709266e-01
-3.080064061310451295e-01,1.773690318595805726e+00
-4.132356780883244575e-03,1.990632502397373882e+00
2.369879546969886619e-01,-2.377981343045370011e-01
4.457585842499118267e-01,4.727869661736862628e-01
1.594591698368801769e+00,2.344913759510274531e-01
-4.988528298255092142e-01,-6.792789297008841043e-01
-1.587712214386465259e+00,-3.675386684177088525e-02
-2.338290989978488166e-01,2.073779163369266598e+00
-1.293177014504041378e-01,-9.569071660701587989e-01
1.228058463445730608e-01,-1.315202940518078290e+00
5.141266573057466926e-01,-4.247116155020940198e-01
-1.670832177016413622e+00,1.720494797044842816e-01
3.883593268103906482e-01,-7.914650849483311212e-01
3.406954292052700173e-01,4.733323078016566932e-01
-2.422979617604956171e-01,-8.273656014352295252e-01
5.319959817929714729e-01,2.002828730508456445e+00
-5.974030561265470940e-01,-6.169459054736564640e-01
-1.783915467837472457e+00,-3.143083674121870952e-01
1.017515983891390530e+00,-6.019265022624336048e-01
5.556515758117102077e-01,2.022964048085328648e-01
2.583048403640381685e-01,-7.699042961856088496e-01
-1.215689333596969707e-01,1.917993990213594513e+00
1.103483531717465604e+00,-4.035403011859726163e-01
-3.261309633598771796e-01,-2.312825411829958766e-01
-2.800529901827050749e-01,1.369963946778093522e+00
1.348278784193841062e+00,6.556278559967415598e-02
-2.719148986697306203e-01,1.698987971803336494e+00
-2.675236045056084144e-01,-1.433141534301706432e+00
-4.224630172299372738e-02,-8.591763428182235263e-01
1.038827745091378679e-01,-1.193035330315222797e+00
-5.967161724752046981e-01,1.853782898749737562e+00
-3.075990328793066220e-01,1.620065458161102923e+00
-1.561207984320668249e-02,-9.352695789955849381e-01
3.586251089112888479e-01,2.071738441003517561e+00
1.704744109968345800e+00,-2.136058476216789737e-01
-4.188607803394016615e-01,-1.249459597599628768e+00
6.304751866806594662e-02,-8.557795156391078129e-01
-4.780077754604977192e-01,-7.063825572021312782e-01
-9.234138219066027053e-01,-5.711756781939009153e-01
-4.283388670581748936e-02,-2.360889059182212923e-01
-2.142384952572164991e+00,-2.141988753217810848e-01
9.603404856647824728e-01,4.866993825597901169e-01
6.232552787591789656e-01,-6.692057360383485420e-01
2.237051468476630722e-01,-2.848270666456076960e-01
4.043540822927547129e-01,1.903214659335670689e+00
1.231613069038003827e+00,-1.209179937655008974e+00
7.657568597307619074e-01,1.004847817598207155e-01
1.313468560823499498e+00,2.271923666404155329e-01
7.400898357696980012e-01,1.308341399048749409e-01
6.829321993976064653e-02,-1.609854922752109729e-01
3.235161141090706072e-01,1.887315861109036819e+00
4.592823593604187238e-01,-1.066414420963050613e+00
7.263373435638158515e-01,-1.210111188302544383e+00
1.311043824085270648e+00,-7.150262418927458841e-01
-6.659340685877328525e-01,-1.201925902729890527e+00
-2.816113826293714428e+00,-3.536033556782322007e-01
9.273001903168593962e-01,-3.253930056006155702e-01
-8.697636673131771134e-01,-8.654441926870682922e-01
-5.795387985529153463e-01,1.403648391593350642e+00
-1.750621989125333844e+00,-3.880920124900693602e-01
2.362590247881428684e-01,-8.010536405913175617e-01
-5.788856313005298756e-04,1.683847397906022558e-01
-5.511962854356911024e-01,-5.977810513597809905e-01
5.897332961602128609e-01,-7.108263013610061076e-01
-4.475102442969918215e-01,-9.510718465235986629e-01
3.400568998981571833e-01,-1.006223300660840092e+00
-1.133282092054934409e-01,1.703413144123568257e+00
-1.982828143360515494e-01,1.659828120754191616e+00
-4.895442696407468347e-02,-2.365650846589493483e-01
-2.115206079382828952e-01,-1.399893150717440804e+00
9.338908594573881450e-01,3.340814721595694037e-01
2.016985828462702912e-01,-3.515290003305934219e-01
5.346118137325286401e-01,2.069293402225095058e+00
9.223046748604095679e-01,-1.570675544375760013e-01
-7.946782821838013211e-01,-1.059598389104416505e+00
-1.835892360314043568e-03,-2.232654408169457497e-02
-2.444957623669957947e+00,-2.202383759306157096e-01
1.421007924587956994e+00,-1.208431851551549308e+00
-6.346203735595387085e-01,-8.101606619921543073e-01
7.732545952657912114e-01,1.748368642167103526e-01
3.739664760770787244e-01,-8.525293317395175041e-01
-2.801239126094367538e-01,1.443086619033417728e+00
-8.612259679657742195e-01,-5.171046122832451131e-01
5.429116170717562806e-01,1.396831030737377910e+00
8.489514525807132506e-01,6.289115756871497265e-01
-1.395733218064581171e+00,1.577859709672222221e+00
1.454036223768357394e-01,-1.137001357415254654e+00
-2.328760388882013810e-01,1.777387567049192540e+00
3.675737117663500225e-02,1.665795111773308079e+00
1.265252506228383478e+00,-1.082765008169438881e+00
3.532578279522398113e-01,-6.896204521086516381e-01
-1.093283878386373947e-01,1.534112846816171882e-01
-2.251102481103026132e-01,-1.410074023234017537e-01
-2.013124665000770808e+00,2.249542146125878550e-01
-2.447603900502469010e+00,-4.832274064759307097e-01
-8.066020806575724400e-01,1.808342453989221443e+00
1.684960905059470271e+00,-1.852449324260965757e-01
3.136522487878196652e-01,-1.410393090306804043e+00
4.235668734899645238e-01,-7.088914262969824298e-01
2.133415793543204653e-01,-9.402348990184246080e-01
1.180483678430158945e-01,1.805128407770541621e+00
9.947619125832400655e-02,-6.695468587809964012e-01
7.863049983301378942e-01,-1.340354294073786257e+00
-2.099228763227157235e-01,1.894666917845023058e+00
9.578149577622453448e-01,-1.422253746223521187e+00
2.659378304728590159e+00,8.155442870734175287e-02
2.393719958083730462e-02,-6.826696980918377511e-01
1.106886799052781978e+00,-5.433616268445860126e-02
8.331589974306012891e-01,-7.645748045133404780e-01
8.779450095926087660e-02,-1.153182357888842935e+00
-3.004497645896569979e-01,-9.434495498680121051e-01
-4.008716890668190813e-01,-7.418496184650427150e-01
5.701398447917607054e-02,-1.277990534397082101e+00
5.645654591454000171e-01,4.994443834402639837e-02
3.223962894555293390e-01,1.491604857444684518e+00
1.626618107543065239e-01,1.455317794707418066e+00
2.088605748749333690e-01,1.733070294215766749e+00
8.542678959239942416e-02,1.891481158687266184e+00
5.560783595087115394e-01,-4.092466893403471917e-01
-3.023521397501135244e+00,-1.087861942868313669e-01
2.885747431476334279e-01,4.170559612095738888e-01
2.435655405004060470e-01,-5.738127241373379706e-01
-6.606136583217985248e-01,1.472738732104184711e+00
6.665153172253091007e-01,-5.842520888508566657e-01
6.592435935473535402e-02,-1.338642549671848148e+00
-6.080798485687580746e-01,-1.061833761147618294e+00
1.544611265245305010e+00,7.498905528278992927e-02
-3.866343961758175185e-01,-4.777248215005561738e-01
-1.191185805550327437e-01,-1.166484017396614892e+00
-3.236907337595783307e+00,-4.232821308462587639e-01
3.634948764374592023e-01,-9.034875654323513139e-01
-9.940840397304530063e-01,-1.212836001605652886e-01
5.793355862656694721e-02,-6.241402123350052733e-01
6.882869204697710241e-01,-7.142678056548414922e-01
3.940695544204074752e-01,1.804207029758662983e+00
2.441441681969181432e-01,1.913475806152262759e+00
3.821205182609433981e-01,-6.172623014762621541e-01
3.381301240989095791e-01,1.768579237647243341e+00
1.156278661524299478e+00,-1.141386519841380620e+00
1.759576135751626802e-01,-1.288187824769121637e+00
5.623095464797276399e-01,1.472297479507731044e+00
2.128079417635630743e-01,1.712102414145641349e+00
4.553438042494011295e-01,-1.057419773540311247e+00
5.030718811954213443e-01,7.717998516822931893e-03
1.195273272795874142e+00,1.914724196588968086e+00
1.000167665755168356e+00,-5.580971724268233292e-01
-1.114733483010673432e+00,-6.684866800495943284e-01
-7.534479772087750993e-01,-1.159137028774154476e+00
-1.980767808914709383e+00,-1.146079117233673034e-01
1.943745588537826030e-01,-4.948256266854252905e-01
6.811999680873942475e-01,-1.262289774551800914e+00
-2.060905927568679186e+00,-1.008716886953013037e-01
7.372799030492761529e-01,-3.537150973984019148e-02
8.627331464336948086e-01,-2.336023952867657683e-01
9.843238712394493384e-02,1.731920441421243018e+00
3.386889448473501263e-02,1.562583962558965256e+00
-5.167584689513206042e-01,1.760811722747850139e+00
9.651629625997332207e-01,-2.461781020094438444e-01
-2.716224544237427208e-01,1.215360371331053235e+00
3.248390156782161031e-01,-2.722650529219530768e-01
8.336487058140384931e-01,-1.251792942303542988e+00
-7.073399444957682025e-01,2.402897951289606482e+00
7.532319890992617006e-01,1.455177726280185990e-01
-1.762892698589498333e-02,-7.977326083132928458e-01
1.322695166503239372e+00,2.998617498827327310e-01
-1.565720653077204427e-01,-1.732160451803394174e+00
2.482590424943500462e-01,-2.962641042799433189e-01
-2.981867597097149325e+00,-1.798209502406603599e-01
-8.005965889042879549e-03,1.485480328343522505e+00
-1.912615270903816334e-01,2.038786463289080864e+00
8.089483590098095478e-01,1.584656904709758896e-01
2.187165662602741645e-01,2.001470725001640361e+00
5.184323946404031380e-01,-6.502873655866996394e-01
-2.343282886681628818e-01,1.665009457438645590e+00
-1.631536353587024757e-01,-8.400072709126200632e-01
4.321468293393874172e-01,-1.025658180706696232e+00
1.596487950821812440e-01,-1.326355764554191241e+00
1.230769656422979086e+00,3.147107949684609385e-01
-2.231266493713620902e-01,-3.942349670185860688e-01
1.130016481675369722e+00,1.421276497573542401e-02
5.073674041574603999e-01,-1.282945795648548826e+00
2.200429797518102248e-01,1.014751334603006150e+00
-2.574259157132699816e+00,2.222314473451511563e-01
-3.272464023485280316e-01,-5.426168336003368564e-01
-1.602762439128311081e-02,1.773697856105586723e+00
1.707049314507820714e+00,-5.645093993039721481e-01
-2.961125081811257331e+00,-4.753772005291869579e-02
7.604600854219083494e-01,2.594468251674547643e-01
-3.863724225293264647e-01,-5.373200842223035956e-01
-8.571333093641692047e-01,1.635249602864766949e+00
7.980345378683878499e-02,-1.567135376899210231e-01
8.379595086035120099e-02,-2.331501927117859418e-01
8.239176959374561182e-01,1.079611776019080843e-01
3.975551086268790946e-01,-4.346708859032295535e-01
7.385406909173569678e-01,-1.442006756391791544e+00
1.235791980128384759e+00,9.440081670693435678e-02
-3.602950556198604437e-02,1.626639668616781886e+00
4.862582416447736033e-01,1.666076889388096394e+00
-1.896320892548407910e-01,-7.543749472518505028e-01
1.147253886427842096e+00,-7.823122865470196752e-01
-1.953054538251526584e-01,-3.078576465652321237e-01
2.414335272427649559e-01,1.712354457519753348e+00
-3.814050248162564327e-01,-4.449874772065420814e-01
-7.009618047041031585e-02,2.057916105976191457e+00
3.225797442195726950e-01,-1.004179478303671935e+00
-4.306152441623882499e-02,1.730815057445061589e+00
-1.359925342861023449e-02,1.980148644229002164e+00
7.431824547030838057e-02,-6.830808038239661872e-01
-1.999598966416369361e+00,-2.387515746398542749e-01
3.966256432747565230e-01,1.542037693690642808e+00
1.486373320022033873e-01,1.770605789617389014e+00
1.046975199543373147e+00,2.561272954154874548e-01
1.285602374498026612e-01,1.817627587118484156e+00
3.454015036656294391e-01,-8.024292388616756089e-01
8.337061752157973737e-01,9.641077175936317578e-02
-9.199926752153679832e-01,1.878761890793396283e+00
-6.248056009007925127e-01,-2.302155213945651924e-01
7.479128893957862623e-01,-1.014548950714442288e+00
1.379310171665576901e+00,3.526043231570023112e-02
-1.256153222772333489e-01,-7.443705231323632932e-01
1.107084302545536802e-01,-5.729261224725018531e-01
-2.759284513611345524e+00,-3.138611896802916829e-02
7.002476223442570813e-01,2.284776847847609371e-01
3.809853910310553315e-01,-5.959994073926276892e-01
-3.106620199263226412e-01,-7.426101512738857435e-01
-1.840194983052630295e+00,-2.870316289707865454e-01
-8.346947478758673378e-02,1.600473838879884481e+00
6.961916467717317314e-01,-5.263363804490018838e-01
9.510315567391239289e-02,1.705577305881143868e+00
-1.845684230048375118e+00,6.079552910170620689e-02
7.787320254696936117e-02,-7.561601710774755736e-01
7.040758415390682146e-01,-1.301187268988078349e+00
1.302891245829167488e+00,3.580138996033448984e-01
-1.865713885904098479e+00,-6.092930093489647980e-01
6.688302437988672411e-01,1.303652217456957363e+00
6.082961222190654826e-01,-5.106640535321915753e-01
9.315212206408068907e-02,3.093256685941073170e-01
-2.939829419097839569e+00,-1.133341878081956106e-01
1.794584936853689694e+00,5.976541729598500163e-02
2.416765348540737546e-01,1.907414851568684400e+00
1.502552539616006877e+00,-1.060946152327070457e+00
2.967435099589470493e-01,4.539013783393938684e-01
-1.619454974842868822e-01,-7.803392440059488955e-01
2.940445433234504802e-01,-4.234166786628401451e-03
1.842951175260731489e+00,3.989898077057218648e-03
4.141608920647928960e-01,-1.027205363264208415e+00
1.083976927037151317e+00,-3.259993908155142672e-01
-7.753647473497211617e-01,1.640461683002357729e+00
3.283823581615366582e-01,-4.746450953065323719e-01
-2.502012137751800314e+00,-5.529745092961867448e-01
-3.096286257772989936e-01,-4.820843079117323460e-01
-8.833425824067536736e-01,-8.413352952575553489e-01
5.647285707710147928e-01,1.718743809057664329e+00
-3.035594479157004422e+00,-2.196893639711250401e-02
1.254483553370769888e+00,-7.162280492960530764e-02
-6.973388440783694353e-01,1.507271539693965656e-01
6.911048369770930733e-02,-1.070473660560646634e+00
1.077277810113039580e+00,-6.410912454345442379e-02
5.394470864369771412e-01,-7.589393963625514772e-01
6.545512299379736554e-01,1.647776955143008371e+00
-9.667045052549738671e-01,-3.027263848533475188e-01
2.113922097079799223e-01,-1.011776819532647753e+00
-2.279743651298386631e+00,-1.029845536453593419e-01
5.980449060901655844e-01,-7.559603352823034417e-01
-6.340221001423907987e-01,-4.884969121572920181e-01
6.845078497564237308e-03,-1.168024936020177096e+00
5.713293237576262396e-01,-7.292932938806471199e-01
1.966231230841226640e+00,1.842172271084399626e-01
5.440657566946898172e-01,-1.277645811329952696e+00
1.844454411720456433e-01,-3.285079435449323598e-02
8.578841838153975496e-01,-4.489532494139519270e-01
6.430277198871213740e-01,-8.417134444013346650e-01
8.796347032250939613e-02,-1.003841688705814583e+00
9.456637260907643228e-01,5.935727000524659847e-01
-1.451081320080624404e-02,-8.452866885639921668e-02
8.659275570425490898e-01,9.465923067982124923e-04
-8.083963220645007386e-02,-1.222213069783974593e+00
5.560390419815337548e-01,-9.524991237600710647e-01
-6.192173577115799299e-01,-4.544852704503933305e-01
-1.273035851397326335e+00,-3.146466494888687793e-01
-1.044938573385183894e-01,1.861428559155087203e+00
-2.440559238489727889e+00,1.978609694623314763e-01
4.605729145453822393e-01,1.239926234579609821e+00
1.349958426443348181e+00,-2.524286100272333244e-01
-7.295944843830000359e-02,1.322680316278101786e+00
8.921441715611834467e-02,-9.380345897540460776e-01
4.730652791429499904e-01,-1.383275798160396031e-01
-2.348621116753998539e+00,-4.053869128852325421e-01
-2.083112515048914926e-01,1.751588909985401177e+00
7.721996041244285625e-01,1.838869262029680929e+00
2.827223387619102191e-01,-3.610651779625618230e-01
-3.018022398632277947e-01,-5.448549316936434073e-01
1.415521454757035780e-01,-2.199939269362369554e-01
1.416602516721672034e+00,-2.368193195206156620e-01
6.130686427728146981e-01,-7.701785844801998238e-01
8.176085573712562615e-01,1.806504074166957130e+00
1.351080567805122701e-01,-8.427339742630998165e-01
1.988383602675364958e+00,2.190043408662347910e-02
8.797312176411494766e-01,-2.032494442578052507e-01
2.034638384363409991e-01,-6.730224522605972037e-01
5.529666602005118836e-01,1.654381937162738847e-01
1.365188888293239478e+00,-3.691856402365657763e-02
1.149706446619896294e+00,2.232942763269546438e-01
-2.861603002198861989e-01,-5.695920551517003050e-01
9.626888245884422934e-01,1.828719409220494752e-01
2.231575481649570869e-01,-7.199228017876729835e-02
6.058539147434065519e-01,-5.262402169413593622e-01
9.450725946273376143e-01,-7.491035248934539981e-01
1.508367589291186972e+00,-1.157746027622995388e+00
-3.512065417872730429e-04,-1.340626490201688892e+00
-1.013180424525187973e-01,-1.146208207418631497e+00
1.829933421112602543e-01,-2.186703635305649318e-01
8.216346183431848527e-01,1.636029362341118731e-01
3.033641601392796927e-01,-1.090663247251848933e+00
1.027924631728126093e+00,1.696127863287532511e+00
2.950415326566001029e-01,-1.138804567985160388e+00
8.889668565714248238e-01,-5.943287201004865405e-01
5.128836348423785468e-02,2.018620078934631135e+00
-4.655752397390517938e-01,-9.507120330077520887e-01
3.833332684435298843e-01,1.403570888491561197e+00
-1.103450213405725994e-01,-4.901737528670607746e-01
1.395937927849292493e+00,3.497683728899051991e-01
4.111553630513171270e-02,1.743622490211113707e+00
1.546627569773813660e+00,-2.814284252926809171e-01
-8.981570396193487849e-01,-6.567314316970588317e-01
7.080624957221123283e-01,-6.911930272000282871e-02
-3.008207479825526054e+00,-2.876974073887447747e-01
2.574653835880262309e-01,1.947451560903914469e+00
7.784942552658477566e-02,-5.589510657418965689e-01
6.914443963752406885e-01,-5.778744750545997677e-01
5.993358482191234460e-01,-9.707113391839673477e-01
1.603725308407438765e-01,-1.238158155762688395e+00
2.720301002497076404e-01,-1.135867919813646348e-01
-7.547850630633266000e-01,1.639965108749964484e+00
-4.862619195612972317e-02,1.313261240032179034e+00
9.423644582362160627e-01,-2.331592851875127770e-01
6.068876431490914936e-01,-7.298461140594876551e-02
5.070487010217674673e-01,1.774978353889852922e+00
-3.796472517404256546e-03,-1.212466260253641570e+00
-2.032304680192105639e+00,-2.453525173552594252e-01
-1.572659174446152663e-01,-7.194619870778437010e-01
4.100719113480417177e-01,-6.474994640599682771e-01
1.092810917360982570e+00,-3.623585331502108264e-01
8.389373932050430138e-01,-8.418363076824754154e-01
8.603278262275311228e-01,-9.248631003724487876e-01
7.831062540510649317e-01,5.622978473383657277e-02
-2.371239428555390605e-01,1.563994373061948107e+00
3.611880745757398703e-01,-4.327593267717323028e-02
-8.233897108929646991e-02,2.073323067261825248e+00
4.218069432191511314e-01,-7.551651279309988807e-01
2.275031627817476476e-01,-1.241820975768322510e+00
-1.023246070402740404e+00,-5.163879015460431932e-01
-3.185437979011393472e-01,-9.499374088462885224e-01
6.645841871535146383e-01,-6.303080870383892531e-02
-2.334361679026134784e+00,-7.005624607809349258e-02
-1.475124117224773934e-01,1.713810937245970889e+00
1.468280049636814466e+00,-1.297795044690734922e+00
-5.084575237487966026e-01,-6.496742421352834640e-01
2.480556109974187406e-01,1.872686656694468210e+00
1.148497673351100978e+00,-3.920180901354206049e-01
8.798488350854792861e-01,-2.489751795142267354e-01
-1.752889380114715845e+00,1.018866897552443557e-01
7.315035973298152083e-02,-2.896303821869833928e-01
1.150677799286746739e+00,-7.834899673550483890e-01
3.956169436150785979e-01,-1.431062416309748730e+00
-8.573634640380738137e-02,-4.335525765791501951e-01
2.937085075348894736e-01,-1.101967102523895070e+00
-4.078284855427153355e-01,1.613157433828677600e+00
-1.835222143157063446e+00,-9.084454727584695410e-01
6.553837704159087840e-02,-1.126462358232599659e+00
-2.133871203915408202e-02,1.929929753333122777e+00
-9.942175801354425912e-01,1.869861525987161821e+00
1.273215660288648632e+00,7.916622517714559659e-02
-3.055900369344838330e-01,-7.401287385421357889e-01
-1.001841190479861421e+00,-5.422941566229835253e-01
6.103218210895769991e-01,-4.007873686588771939e-02
4.223732004528091277e-01,-1.201224339340322134e+00
1.131243124412839141e+00,-1.379538387187918991e+00
1.102856829260496330e+00,-9.466235007048593442e-01
-6.115886564826178429e-01,-8.330890539702205944e-01
7.482925340159919392e-01,1.085740905462619227e-01
-6.271441700277768927e-02,-1.069806522451153263e+00
2.496817085406959347e-01,1.672450339929933083e+00
-8.056294553065769248e-01,1.314233472398397051e+00
5.979331223517005967e-01,-3.203591883039565436e-01
-1.630846967383564827e+00,2.638907018108477623e-02
-2.003603047401524506e+00,-1.244215114663428656e-01
6.633332344538146741e-02,1.772523578635071262e+00
2.725729092607543924e-01,3.789888305824989922e-02
-1.600114077600328422e+00,-4.670349165576894723e-01
7.085784712475902136e-01,-1.707409361754298471e-01
4.216301504114182697e-01,1.944844785934840115e+00
1.233031351440278423e+00,-1.180881925569403704e-02
1.473548972819796188e-01,-9.905061693593031347e-01
7.262105893205080820e-01,-8.509949341103989484e-01
6.419297088219449998e-02,1.706939071875575697e+00
1.073619179601331242e+00,-4.242792020873780712e-01
4.801467156399396446e-02,-1.353565853986761436e+00
7.792410508338901698e-01,-1.038801126618601689e+00
3.063637497275837340e-01,-1.251400795101987207e+00
-2.321131508538290866e+00,-8.715699232059845314e-02
-9.796303570398302574e-01,-7.998574903029859184e-01
2.075837299923346813e-01,-9.260421762572441651e-01
4.604012731960639426e-01,-7.295359621793691129e-01
-3.678964679577172991e-01,-1.038561005295276729e+00
2.764357528753834115e-01,2.125626514752783525e+00
1.299564167702244900e-02,-6.457761878952349432e-01
6.243826545736159694e-01,-9.225911206093823091e-02
-5.764213269136705398e-01,-6.273973276751305672e-01
